# column 1: wavelength (micron)
# column 2: total flux; F_nu (Jy)
# column 3: transparent flux; F_nu (Jy)
# column 4: direct primary flux; F_nu (Jy)
# column 5: scattered primary flux; F_nu (Jy)
# column 6: direct secondary flux; F_nu (Jy)
# column 7: scattered secondary flux; F_nu (Jy)
9.000000000e-02 3.303290243e-03 3.395591007e-02 2.768034709e-03 5.352555346e-04 0.000000000e+00 0.000000000e+00
9.541091806e-02 1.858960580e-02 1.755589029e-01 1.528346515e-02 3.306140644e-03 0.000000000e+00 0.000000000e+00
1.011471476e-01 2.701413143e-02 2.089942025e-01 2.134509370e-02 5.669037736e-03 0.000000000e+00 0.000000000e+00
1.072282468e-01 3.796857430e-02 2.370423285e-01 2.879436881e-02 9.174205486e-03 0.000000000e+00 0.000000000e+00
1.136749497e-01 4.558315567e-02 2.383378601e-01 3.345675213e-02 1.212640353e-02 0.000000000e+00 0.000000000e+00
1.205092367e-01 4.252767884e-02 1.987736261e-01 3.055368880e-02 1.197399004e-02 0.000000000e+00 0.000000000e+00
1.277544101e-01 5.450643132e-02 2.296108087e-01 3.819350908e-02 1.631292224e-02 0.000000000e+00 0.000000000e+00
1.354351729e-01 5.867622851e-02 2.340559132e-01 4.069260496e-02 1.798362355e-02 0.000000000e+00 0.000000000e+00
1.435777131e-01 5.955270737e-02 2.238811583e-01 4.095739137e-02 1.859531600e-02 0.000000000e+00 0.000000000e+00
1.522097936e-01 6.028174174e-02 2.165257113e-01 4.180225578e-02 1.847948596e-02 0.000000000e+00 0.000000000e+00
1.613608460e-01 5.997782203e-02 2.109906284e-01 4.144832747e-02 1.852949456e-02 0.000000000e+00 0.000000000e+00
1.710620718e-01 5.761051643e-02 2.072775204e-01 3.949321261e-02 1.811730382e-02 0.000000000e+00 0.000000000e+00
1.813465479e-01 5.195860480e-02 2.026867506e-01 3.567855435e-02 1.628005045e-02 0.000000000e+00 0.000000000e+00
1.922493402e-01 4.419070439e-02 1.966602776e-01 3.044194382e-02 1.374876057e-02 0.000000000e+00 0.000000000e+00
2.038076228e-01 3.646962579e-02 1.896611939e-01 2.566929304e-02 1.080033275e-02 0.000000000e+00 0.000000000e+00
2.160608044e-01 3.546814017e-02 1.872147816e-01 2.463126175e-02 1.083687842e-02 0.000000000e+00 0.000000000e+00
2.290506634e-01 4.031319396e-02 1.789586901e-01 2.591302275e-02 1.440017121e-02 0.000000000e+00 0.000000000e+00
2.428214897e-01 4.751333262e-02 1.714408727e-01 2.813697173e-02 1.937636090e-02 0.000000000e+00 0.000000000e+00
2.574202362e-01 5.298915970e-02 1.672110635e-01 2.963508728e-02 2.335407242e-02 0.000000000e+00 0.000000000e+00
2.728966785e-01 5.649842687e-02 1.653410332e-01 3.070427837e-02 2.579414850e-02 0.000000000e+00 0.000000000e+00
2.893035848e-01 5.999531589e-02 1.675630588e-01 3.221948425e-02 2.777583164e-02 0.000000000e+00 0.000000000e+00
3.066968958e-01 6.282768014e-02 1.683587479e-01 3.346672081e-02 2.936095932e-02 0.000000000e+00 0.000000000e+00
3.251359155e-01 6.516621566e-02 1.685102786e-01 3.403189044e-02 3.113432522e-02 0.000000000e+00 0.000000000e+00
3.446835132e-01 6.619694401e-02 1.696148466e-01 3.436284072e-02 3.183410328e-02 0.000000000e+00 0.000000000e+00
3.654063382e-01 7.257808080e-02 1.798731422e-01 3.744541600e-02 3.513266479e-02 0.000000000e+00 0.000000000e+00
3.873750465e-01 1.125629785e-01 2.743897940e-01 5.790690574e-02 5.465607272e-02 0.000000000e+00 0.000000000e+00
4.106645425e-01 1.374266753e-01 3.282660888e-01 7.078378334e-02 6.664289193e-02 0.000000000e+00 0.000000000e+00
4.353542335e-01 1.371743485e-01 3.209832055e-01 7.051732429e-02 6.665702416e-02 0.000000000e+00 0.000000000e+00
4.615283011e-01 1.461100825e-01 3.340892014e-01 7.452873826e-02 7.158134428e-02 0.000000000e+00 0.000000000e+00
4.892759879e-01 1.396704403e-01 3.172251223e-01 7.129642351e-02 6.837401679e-02 0.000000000e+00 0.000000000e+00
5.186919022e-01 1.461134996e-01 3.221381347e-01 7.521546155e-02 7.089803804e-02 0.000000000e+00 0.000000000e+00
5.498763397e-01 1.496932482e-01 3.221354670e-01 7.720287185e-02 7.249037634e-02 0.000000000e+00 0.000000000e+00
5.829356266e-01 1.547497997e-01 3.274659376e-01 8.056159564e-02 7.418820403e-02 0.000000000e+00 0.000000000e+00
6.179824811e-01 1.591599079e-01 3.287801290e-01 8.246366583e-02 7.669624203e-02 0.000000000e+00 0.000000000e+00
6.551363985e-01 1.598240430e-01 3.236083042e-01 8.392650815e-02 7.589753490e-02 0.000000000e+00 0.000000000e+00
6.945240582e-01 1.667283604e-01 3.315143975e-01 8.763396728e-02 7.909439311e-02 0.000000000e+00 0.000000000e+00
7.362797556e-01 1.716863537e-01 3.290789052e-01 9.234669569e-02 7.933965804e-02 0.000000000e+00 0.000000000e+00
7.805458603e-01 1.741010209e-01 3.261418344e-01 9.483476009e-02 7.926626085e-02 0.000000000e+00 0.000000000e+00
8.274733014e-01 1.769137132e-01 3.241511068e-01 9.715655272e-02 7.975716045e-02 0.000000000e+00 0.000000000e+00
8.772220817e-01 1.807989413e-01 3.270062966e-01 1.009661193e-01 7.983282195e-02 0.000000000e+00 0.000000000e+00
9.299618239e-01 1.873901344e-01 3.281101786e-01 1.066507954e-01 8.073933903e-02 0.000000000e+00 0.000000000e+00
9.858723487e-01 1.891672790e-01 3.216726668e-01 1.110330906e-01 7.813418842e-02 1.343782949e-122 1.550314298e-122
1.045144288e+00 1.863373234e-01 3.076820734e-01 1.120909770e-01 7.424634639e-02 2.429409607e-115 1.388295583e-115
1.107979733e+00 1.796799933e-01 2.907508675e-01 1.104039963e-01 6.927599698e-02 1.336600792e-109 2.004748896e-109
1.174592928e+00 1.793158239e-01 2.849281550e-01 1.124891321e-01 6.682669180e-02 1.670462610e-102 1.200633333e-102
1.245210996e+00 1.758686572e-01 2.735696681e-01 1.138101327e-01 6.205852451e-02 2.677967206e-96 3.927056403e-96
1.320074714e+00 1.775697860e-01 2.677211918e-01 1.191587489e-01 5.841103704e-02 9.108811918e-91 3.079642214e-91
1.399439338e+00 1.786651756e-01 2.636231706e-01 1.238985205e-01 5.476665509e-02 6.448354693e-85 1.758877922e-85
1.483575466e+00 1.796269017e-01 2.598738459e-01 1.279960406e-01 5.163086114e-02 1.800046224e-80 1.050398809e-80
1.572769969e+00 1.851695320e-01 2.622188175e-01 1.355383337e-01 4.963119830e-02 8.410627111e-76 4.027138125e-76
1.667326963e+00 1.887629963e-01 2.623517834e-01 1.418280709e-01 4.693492545e-02 6.073006736e-71 2.140897310e-71
1.767568847e+00 1.846510361e-01 2.513357496e-01 1.429934609e-01 4.165757516e-02 5.679777705e-67 2.258310588e-67
1.873837405e+00 1.738779150e-01 2.315533731e-01 1.386278405e-01 3.525007456e-02 8.208143115e-63 2.792942915e-63
1.986494968e+00 1.646071385e-01 2.149418816e-01 1.347814469e-01 2.982569166e-02 4.272690213e-59 9.189269915e-60
2.105925651e+00 1.563056670e-01 1.999232467e-01 1.309002747e-01 2.540539228e-02 1.603215753e-55 3.979433441e-56
2.232536664e+00 1.434172609e-01 1.807424696e-01 1.226851305e-01 2.073213044e-02 4.024786416e-52 8.139097768e-53
2.366759696e+00 1.310331759e-01 1.623326595e-01 1.143053491e-01 1.672782682e-02 5.925811215e-49 1.078079945e-49
2.509052394e+00 1.151426351e-01 1.402290035e-01 1.023591241e-01 1.278351093e-02 6.117687736e-46 9.416909371e-47
2.659899915e+00 1.170518085e-01 1.399610393e-01 1.057853449e-01 1.126646357e-02 4.827846014e-43 5.736220352e-44
2.819816587e+00 1.158079822e-01 1.367571502e-01 1.062181735e-01 9.589808690e-03 2.229433722e-40 2.357150294e-41
2.989347660e+00 9.716983302e-02 1.128776427e-01 9.029139678e-02 6.878436233e-03 9.848683467e-38 8.552769514e-39
3.169071162e+00 8.858673276e-02 1.016504921e-01 8.331549942e-02 5.271233335e-03 2.225290283e-35 1.627262771e-36
3.359599877e+00 8.726699477e-02 9.894548502e-02 8.290179522e-02 4.365199553e-03 3.676850514e-33 2.157620981e-34
3.561583429e+00 8.414224407e-02 9.442619318e-02 8.068195731e-02 3.460286762e-03 5.622323274e-31 2.733389272e-32
3.775710497e+00 7.180737386e-02 7.978440828e-02 6.933848022e-02 2.468893639e-03 5.862975464e-29 2.328856459e-30
4.002711165e+00 6.608146272e-02 7.264050103e-02 6.422120187e-02 1.860260851e-03 4.674597272e-27 1.506481336e-28
4.243359411e+00 6.299345596e-02 6.866306952e-02 6.152780377e-02 1.465652198e-03 2.735945710e-25 7.231101730e-27
4.498475745e+00 5.399714380e-02 5.843140989e-02 5.298036580e-02 1.016778003e-03 1.407208135e-23 2.934904469e-25
4.768930007e+00 4.933132776e-02 5.297300182e-02 4.858518103e-02 7.461467331e-04 5.322369411e-22 8.824429193e-24
5.055644335e+00 4.362514798e-02 4.656145888e-02 4.309372286e-02 5.314251196e-04 1.668878737e-20 2.239817844e-22
5.359596304e+00 4.066180657e-02 4.312992255e-02 4.026611282e-02 3.956937557e-04 4.211977453e-19 4.472053307e-21
5.681822265e+00 3.788782816e-02 3.999485645e-02 3.759242388e-02 2.954042760e-04 9.264496226e-18 7.814481785e-20
6.023420872e+00 3.487945090e-02 3.665533547e-02 3.466496544e-02 2.144854678e-04 1.576098402e-16 1.057752160e-18
6.385556837e+00 3.071856554e-02 3.216299170e-02 3.056863773e-02 1.499278075e-04 2.391259985e-15 1.259217788e-17
6.769464890e+00 2.785808545e-02 2.906649597e-02 2.775257201e-02 1.055134465e-04 2.988130909e-14 1.220184242e-16
7.176453999e+00 2.557688537e-02 2.660253056e-02 2.550087567e-02 7.600970218e-05 3.352920740e-13 1.077248671e-15
7.607911827e+00 2.263309070e-02 2.361231200e-02 2.258129030e-02 5.180039684e-05 3.222335373e-12 7.891054519e-15
8.065309466e+00 2.007080053e-02 2.125960998e-02 2.003524764e-02 3.555286342e-05 2.827103675e-11 5.412616835e-14
8.550206451e+00 1.783912526e-02 1.946319788e-02 1.781374514e-02 2.537989464e-05 2.211923732e-10 3.468125038e-13
9.064256079e+00 1.602246305e-02 1.802133710e-02 1.600308962e-02 1.937178326e-05 1.643152947e-09 2.206327452e-12
9.609211044e+00 1.454575972e-02 1.662983136e-02 1.452995904e-02 1.579033902e-05 1.032885706e-08 1.230638362e-11
1.018692942e+01 1.309477009e-02 1.474731433e-02 1.308255769e-02 1.215324786e-05 5.908424757e-08 6.008815942e-11
1.079938098e+01 1.169220215e-02 1.290098985e-02 1.168301845e-02 8.902225306e-06 2.812439811e-07 2.302981980e-10
1.144865393e+01 1.030129974e-02 1.111964795e-02 1.029392399e-02 6.161351859e-06 1.213613350e-06 7.821233573e-10
1.213696202e+01 9.076376605e-03 9.645444799e-03 9.067447859e-03 4.206595032e-06 4.719799302e-06 2.351688719e-09
1.286665210e+01 8.065694230e-03 8.445923920e-03 8.046236864e-03 2.836634521e-06 1.661445656e-05 6.274910868e-09
1.364021210e+01 7.074701932e-03 7.299106711e-03 7.016794960e-03 1.856397079e-06 5.603484846e-05 1.572654016e-08
1.446027954e+01 6.332033111e-03 6.377486894e-03 6.146092608e-03 1.185445574e-06 1.847169925e-04 3.806429341e-08
1.532965052e+01 5.935041600e-03 5.539688805e-03 5.319836834e-03 7.530475768e-07 6.143591931e-04 9.252619998e-08
1.625128922e+01 6.521975929e-03 4.805717060e-03 4.592854633e-03 4.851859048e-07 1.928421310e-03 2.148010105e-07
1.722833804e+01 9.696924877e-03 4.193161497e-03 3.990829595e-03 3.129971119e-07 5.705317529e-03 4.647548768e-07
1.826412832e+01 1.851501268e-02 3.643568391e-03 3.459157496e-03 2.028377330e-07 1.505474051e-02 9.118356438e-07
1.936219168e+01 3.895142360e-02 3.137951585e-03 2.985557795e-03 1.182829954e-07 3.596436419e-02 1.383329771e-06
2.052627204e+01 8.297421807e-02 2.812015573e-03 2.688100667e-03 5.837131786e-08 8.028454383e-02 1.515199832e-06
2.176033844e+01 1.692188085e-01 2.504671216e-03 2.404535872e-03 1.798586057e-08 1.668133582e-01 8.963995310e-07
2.306859853e+01 3.358818411e-01 2.208136020e-03 2.127895131e-03 2.427364218e-09 3.337537196e-01 2.239082411e-07
2.445551294e+01 6.291075475e-01 1.955328368e-03 1.889668410e-03 3.198166748e-11 6.272178699e-01 9.090542870e-09
2.592581045e+01 1.159875694e+00 1.747355117e-03 1.692708854e-03 0.000000000e+00 1.158182985e+00 0.000000000e+00
2.748450419e+01 2.002879455e+00 1.565759163e-03 1.520656064e-03 0.000000000e+00 2.001358799e+00 0.000000000e+00
2.913690863e+01 3.336874637e+00 1.390372862e-03 1.353112047e-03 0.000000000e+00 3.335521525e+00 0.000000000e+00
3.088865780e+01 5.347510268e+00 1.237788948e-03 1.207087572e-03 0.000000000e+00 5.346303180e+00 0.000000000e+00
3.274572442e+01 8.238286614e+00 1.096380784e-03 1.070916653e-03 0.000000000e+00 8.237215698e+00 0.000000000e+00
3.471444033e+01 1.213498073e+01 9.900863960e-04 9.687051142e-04 0.000000000e+00 1.213401202e+01 0.000000000e+00
3.680151802e+01 1.718966366e+01 8.776973697e-04 8.601094173e-04 0.000000000e+00 1.718880355e+01 0.000000000e+00
3.901407356e+01 2.360514523e+01 7.816766344e-04 7.673323390e-04 0.000000000e+00 2.360437790e+01 0.000000000e+00
4.135965084e+01 3.101985720e+01 6.960588718e-04 6.843543344e-04 0.000000000e+00 3.101917284e+01 0.000000000e+00
4.384624730e+01 3.966798119e+01 6.226160324e-04 6.131245566e-04 0.000000000e+00 3.966736806e+01 0.000000000e+00
4.648234121e+01 4.882538357e+01 5.486662732e-04 5.410582329e-04 0.000000000e+00 4.882484251e+01 0.000000000e+00
4.927692053e+01 5.885381325e+01 4.884427299e-04 4.823468483e-04 0.000000000e+00 5.885333090e+01 0.000000000e+00
5.223951363e+01 6.825333820e+01 4.401085685e-04 4.351714127e-04 0.000000000e+00 6.825290303e+01 0.000000000e+00
5.538022172e+01 7.777897068e+01 3.945913295e-04 3.906517592e-04 0.000000000e+00 7.777858003e+01 0.000000000e+00
5.870975330e+01 8.612399733e+01 3.434997283e-04 3.404551223e-04 0.000000000e+00 8.612365687e+01 0.000000000e+00
6.223946068e+01 9.358158217e+01 3.083867116e-04 3.059611148e-04 0.000000000e+00 9.358127621e+01 0.000000000e+00
6.598137870e+01 9.926386881e+01 2.748321551e-04 2.728988370e-04 0.000000000e+00 9.926359591e+01 0.000000000e+00
6.994826574e+01 1.040218019e+02 2.432739932e-04 2.417747652e-04 0.000000000e+00 1.040215601e+02 0.000000000e+00
7.415364723e+01 1.058587443e+02 2.153141811e-04 2.141281619e-04 0.000000000e+00 1.058585302e+02 0.000000000e+00
7.861186177e+01 1.070706562e+02 1.932367095e-04 1.923049100e-04 0.000000000e+00 1.070704639e+02 0.000000000e+00
8.333811002e+01 1.060833908e+02 1.694963450e-04 1.687781822e-04 0.000000000e+00 1.060832220e+02 0.000000000e+00
8.834850651e+01 1.036930169e+02 1.518047747e-04 1.512339473e-04 0.000000000e+00 1.036928657e+02 0.000000000e+00
9.366013462e+01 9.988438015e+01 1.340754140e-04 1.336360218e-04 0.000000000e+00 9.988424652e+01 0.000000000e+00
9.929110477e+01 9.531477186e+01 7.740964027e-05 7.718065734e-05 0.000000000e+00 9.531469468e+01 0.000000000e+00
1.052606162e+02 8.948678541e+01 0.000000000e+00 0.000000000e+00 0.000000000e+00 8.948678541e+01 0.000000000e+00
1.115890226e+02 8.365102514e+01 0.000000000e+00 0.000000000e+00 0.000000000e+00 8.365102514e+01 0.000000000e+00
1.182979010e+02 7.734070402e+01 0.000000000e+00 0.000000000e+00 0.000000000e+00 7.734070402e+01 0.000000000e+00
1.254101260e+02 7.161954050e+01 0.000000000e+00 0.000000000e+00 0.000000000e+00 7.161954050e+01 0.000000000e+00
1.329499472e+02 6.580585002e+01 0.000000000e+00 0.000000000e+00 0.000000000e+00 6.580585002e+01 0.000000000e+00
1.409430725e+02 5.916620201e+01 0.000000000e+00 0.000000000e+00 0.000000000e+00 5.916620201e+01 0.000000000e+00
1.494167549e+02 5.262593710e+01 0.000000000e+00 0.000000000e+00 0.000000000e+00 5.262593710e+01 0.000000000e+00
1.583998862e+02 4.521402195e+01 0.000000000e+00 0.000000000e+00 0.000000000e+00 4.521402195e+01 0.000000000e+00
1.679230951e+02 3.971743106e+01 0.000000000e+00 0.000000000e+00 0.000000000e+00 3.971743106e+01 0.000000000e+00
1.780188519e+02 3.415754166e+01 0.000000000e+00 0.000000000e+00 0.000000000e+00 3.415754166e+01 0.000000000e+00
1.887215788e+02 2.965709873e+01 0.000000000e+00 0.000000000e+00 0.000000000e+00 2.965709873e+01 0.000000000e+00
2.000677676e+02 2.535677915e+01 0.000000000e+00 0.000000000e+00 0.000000000e+00 2.535677915e+01 0.000000000e+00
2.120961043e+02 2.152040259e+01 0.000000000e+00 0.000000000e+00 0.000000000e+00 2.152040259e+01 0.000000000e+00
2.248476003e+02 1.847294847e+01 0.000000000e+00 0.000000000e+00 0.000000000e+00 1.847294847e+01 0.000000000e+00
2.383657330e+02 1.564257850e+01 0.000000000e+00 0.000000000e+00 0.000000000e+00 1.564257850e+01 0.000000000e+00
2.526965935e+02 1.318050458e+01 0.000000000e+00 0.000000000e+00 0.000000000e+00 1.318050458e+01 0.000000000e+00
2.678890442e+02 1.114650283e+01 0.000000000e+00 0.000000000e+00 0.000000000e+00 1.114650283e+01 0.000000000e+00
2.839948849e+02 9.229267326e+00 0.000000000e+00 0.000000000e+00 0.000000000e+00 9.229267326e+00 0.000000000e+00
3.010690299e+02 7.780875362e+00 0.000000000e+00 0.000000000e+00 0.000000000e+00 7.780875362e+00 0.000000000e+00
3.191696949e+02 6.411949595e+00 0.000000000e+00 0.000000000e+00 0.000000000e+00 6.411949595e+00 0.000000000e+00
3.383585957e+02 5.327438037e+00 0.000000000e+00 0.000000000e+00 0.000000000e+00 5.327438037e+00 0.000000000e+00
3.587011583e+02 4.464981854e+00 0.000000000e+00 0.000000000e+00 0.000000000e+00 4.464981854e+00 0.000000000e+00
3.802667425e+02 3.663901146e+00 0.000000000e+00 0.000000000e+00 0.000000000e+00 3.663901146e+00 0.000000000e+00
4.031288779e+02 3.028082472e+00 0.000000000e+00 0.000000000e+00 0.000000000e+00 3.028082472e+00 0.000000000e+00
4.273655148e+02 2.492123236e+00 0.000000000e+00 0.000000000e+00 0.000000000e+00 2.492123236e+00 0.000000000e+00
4.530592901e+02 2.028904606e+00 0.000000000e+00 0.000000000e+00 0.000000000e+00 2.028904606e+00 0.000000000e+00
4.802978090e+02 1.674820342e+00 0.000000000e+00 0.000000000e+00 0.000000000e+00 1.674820342e+00 0.000000000e+00
5.091739433e+02 1.356385827e+00 0.000000000e+00 0.000000000e+00 0.000000000e+00 1.356385827e+00 0.000000000e+00
5.397861487e+02 1.113164525e+00 0.000000000e+00 0.000000000e+00 0.000000000e+00 1.113164525e+00 0.000000000e+00
5.722388000e+02 9.034786552e-01 0.000000000e+00 0.000000000e+00 0.000000000e+00 9.034786552e-01 0.000000000e+00
6.066425473e+02 7.329782385e-01 0.000000000e+00 0.000000000e+00 0.000000000e+00 7.329782385e-01 0.000000000e+00
6.431146930e+02 5.966612714e-01 0.000000000e+00 0.000000000e+00 0.000000000e+00 5.966612714e-01 0.000000000e+00
6.817795920e+02 4.874334960e-01 0.000000000e+00 0.000000000e+00 0.000000000e+00 4.874334960e-01 0.000000000e+00
7.227690754e+02 3.978399015e-01 0.000000000e+00 0.000000000e+00 0.000000000e+00 3.978399015e-01 0.000000000e+00
7.662229003e+02 3.185738972e-01 0.000000000e+00 0.000000000e+00 0.000000000e+00 3.185738972e-01 0.000000000e+00
8.122892262e+02 2.592809430e-01 0.000000000e+00 0.000000000e+00 0.000000000e+00 2.592809430e-01 0.000000000e+00
8.611251200e+02 2.105104219e-01 0.000000000e+00 0.000000000e+00 0.000000000e+00 2.105104219e-01 0.000000000e+00
9.128970918e+02 1.699845913e-01 0.000000000e+00 0.000000000e+00 0.000000000e+00 1.699845913e-01 0.000000000e+00
9.677816625e+02 1.378000417e-01 0.000000000e+00 0.000000000e+00 0.000000000e+00 1.378000417e-01 0.000000000e+00
1.025965966e+03 1.175122295e-01 0.000000000e+00 0.000000000e+00 0.000000000e+00 1.175122295e-01 0.000000000e+00
1.087648385e+03 1.043532716e-01 0.000000000e+00 0.000000000e+00 0.000000000e+00 1.043532716e-01 0.000000000e+00
1.153039233e+03 9.461581682e-02 0.000000000e+00 0.000000000e+00 0.000000000e+00 9.461581682e-02 0.000000000e+00
1.222361464e+03 8.563222598e-02 0.000000000e+00 0.000000000e+00 0.000000000e+00 8.563222598e-02 0.000000000e+00
1.295851439e+03 7.679128837e-02 0.000000000e+00 0.000000000e+00 0.000000000e+00 7.679128837e-02 0.000000000e+00
1.373759727e+03 6.848261541e-02 0.000000000e+00 0.000000000e+00 0.000000000e+00 6.848261541e-02 0.000000000e+00
1.456351964e+03 6.116267979e-02 0.000000000e+00 0.000000000e+00 0.000000000e+00 6.116267979e-02 0.000000000e+00
1.543909754e+03 5.526598650e-02 0.000000000e+00 0.000000000e+00 0.000000000e+00 5.526598650e-02 0.000000000e+00
1.636731634e+03 4.953334354e-02 0.000000000e+00 0.000000000e+00 0.000000000e+00 4.953334354e-02 0.000000000e+00
1.735134087e+03 4.466419859e-02 0.000000000e+00 0.000000000e+00 0.000000000e+00 4.466419859e-02 0.000000000e+00
1.839452624e+03 4.066246397e-02 0.000000000e+00 0.000000000e+00 0.000000000e+00 4.066246397e-02 0.000000000e+00
1.950042929e+03 3.581831321e-02 0.000000000e+00 0.000000000e+00 0.000000000e+00 3.581831321e-02 0.000000000e+00
2.067282068e+03 3.207652323e-02 0.000000000e+00 0.000000000e+00 0.000000000e+00 3.207652323e-02 0.000000000e+00
2.191569778e+03 2.917028439e-02 0.000000000e+00 0.000000000e+00 0.000000000e+00 2.917028439e-02 0.000000000e+00
2.323329827e+03 2.543371485e-02 0.000000000e+00 0.000000000e+00 0.000000000e+00 2.543371485e-02 0.000000000e+00
2.463011464e+03 2.273790900e-02 0.000000000e+00 0.000000000e+00 0.000000000e+00 2.273790900e-02 0.000000000e+00
2.611090944e+03 2.057186709e-02 0.000000000e+00 0.000000000e+00 0.000000000e+00 2.057186709e-02 0.000000000e+00
2.768073157e+03 1.830116610e-02 0.000000000e+00 0.000000000e+00 0.000000000e+00 1.830116610e-02 0.000000000e+00
2.934493346e+03 1.641125107e-02 0.000000000e+00 0.000000000e+00 0.000000000e+00 1.641125107e-02 0.000000000e+00
3.110918936e+03 1.455770963e-02 0.000000000e+00 0.000000000e+00 0.000000000e+00 1.455770963e-02 0.000000000e+00
3.297951463e+03 1.308450867e-02 0.000000000e+00 0.000000000e+00 0.000000000e+00 1.308450867e-02 0.000000000e+00
3.496228631e+03 1.181643682e-02 0.000000000e+00 0.000000000e+00 0.000000000e+00 1.181643682e-02 0.000000000e+00
3.706426483e+03 1.048292046e-02 0.000000000e+00 0.000000000e+00 0.000000000e+00 1.048292046e-02 0.000000000e+00
3.929261705e+03 9.334339897e-03 0.000000000e+00 0.000000000e+00 0.000000000e+00 9.334339897e-03 0.000000000e+00
4.165494073e+03 8.379845105e-03 0.000000000e+00 0.000000000e+00 0.000000000e+00 8.379845105e-03 0.000000000e+00
4.415929040e+03 7.438655477e-03 0.000000000e+00 0.000000000e+00 0.000000000e+00 7.438655477e-03 0.000000000e+00
4.681420487e+03 6.612389532e-03 0.000000000e+00 0.000000000e+00 0.000000000e+00 6.612389532e-03 0.000000000e+00
4.962873628e+03 5.906041900e-03 0.000000000e+00 0.000000000e+00 0.000000000e+00 5.906041900e-03 0.000000000e+00
5.261248100e+03 5.272780290e-03 0.000000000e+00 0.000000000e+00 0.000000000e+00 5.272780290e-03 0.000000000e+00
5.577561237e+03 4.750648385e-03 0.000000000e+00 0.000000000e+00 0.000000000e+00 4.750648385e-03 0.000000000e+00
5.912891535e+03 4.215062391e-03 0.000000000e+00 0.000000000e+00 0.000000000e+00 4.215062391e-03 0.000000000e+00
6.268382331e+03 3.776944065e-03 0.000000000e+00 0.000000000e+00 0.000000000e+00 3.776944065e-03 0.000000000e+00
6.645245699e+03 3.317585631e-03 0.000000000e+00 0.000000000e+00 0.000000000e+00 3.317585631e-03 0.000000000e+00
7.044766588e+03 2.989086131e-03 0.000000000e+00 0.000000000e+00 0.000000000e+00 2.989086131e-03 0.000000000e+00
7.468307196e+03 2.639643083e-03 0.000000000e+00 0.000000000e+00 0.000000000e+00 2.639643083e-03 0.000000000e+00
7.917311621e+03 2.342626142e-03 0.000000000e+00 0.000000000e+00 0.000000000e+00 2.342626142e-03 0.000000000e+00
8.393310782e+03 2.110321607e-03 0.000000000e+00 0.000000000e+00 0.000000000e+00 2.110321607e-03 0.000000000e+00
8.897927636e+03 1.865952380e-03 0.000000000e+00 0.000000000e+00 0.000000000e+00 1.865952380e-03 0.000000000e+00
9.432882717e+03 1.669368830e-03 0.000000000e+00 0.000000000e+00 0.000000000e+00 1.669368830e-03 0.000000000e+00
1.000000000e+04 1.337917790e-03 0.000000000e+00 0.000000000e+00 0.000000000e+00 1.337917790e-03 0.000000000e+00
