# column 1: wavelength (micron)
# column 2: total flux; F_nu (Jy)
# column 3: transparent flux; F_nu (Jy)
# column 4: direct primary flux; F_nu (Jy)
# column 5: scattered primary flux; F_nu (Jy)
# column 6: direct secondary flux; F_nu (Jy)
# column 7: scattered secondary flux; F_nu (Jy)
9.000000000e-02 2.351529363e-02 3.394983047e-02 2.185168094e-02 1.663612690e-03 0.000000000e+00 0.000000000e+00
9.541091806e-02 1.258809810e-01 1.750183670e-01 1.165724725e-01 9.308508526e-03 0.000000000e+00 0.000000000e+00
1.011471476e-01 1.605417095e-01 2.096717237e-01 1.485459136e-01 1.199579593e-02 0.000000000e+00 0.000000000e+00
1.072282468e-01 1.927390193e-01 2.378708335e-01 1.784125368e-01 1.432648254e-02 0.000000000e+00 0.000000000e+00
1.136749497e-01 2.007528037e-01 2.388475399e-01 1.865658666e-01 1.418693709e-02 0.000000000e+00 0.000000000e+00
1.205092367e-01 1.709938860e-01 1.996026538e-01 1.594851576e-01 1.150872842e-02 0.000000000e+00 0.000000000e+00
1.277544101e-01 2.000648412e-01 2.297216437e-01 1.867533412e-01 1.331150005e-02 0.000000000e+00 0.000000000e+00
1.354351729e-01 2.052354912e-01 2.333903516e-01 1.917927909e-01 1.344270034e-02 0.000000000e+00 0.000000000e+00
1.435777131e-01 1.983696357e-01 2.237622592e-01 1.858355023e-01 1.253413343e-02 0.000000000e+00 0.000000000e+00
1.522097936e-01 1.937274443e-01 2.170278873e-01 1.819542884e-01 1.177315597e-02 0.000000000e+00 0.000000000e+00
1.613608460e-01 1.875565050e-01 2.099165154e-01 1.764768446e-01 1.107966043e-02 0.000000000e+00 0.000000000e+00
1.710620718e-01 1.849750994e-01 2.074970542e-01 1.735976363e-01 1.137746308e-02 0.000000000e+00 0.000000000e+00
1.813465479e-01 1.789235674e-01 2.027764531e-01 1.671051698e-01 1.181839761e-02 0.000000000e+00 0.000000000e+00
1.922493402e-01 1.701933183e-01 1.966884549e-01 1.576245100e-01 1.256880827e-02 0.000000000e+00 0.000000000e+00
2.038076228e-01 1.590762951e-01 1.888830023e-01 1.463750720e-01 1.270122311e-02 0.000000000e+00 0.000000000e+00
2.160608044e-01 1.566182482e-01 1.864113735e-01 1.431830625e-01 1.343518566e-02 0.000000000e+00 0.000000000e+00
2.290506634e-01 1.549172414e-01 1.786295696e-01 1.408676911e-01 1.404955032e-02 0.000000000e+00 0.000000000e+00
2.428214897e-01 1.518846315e-01 1.698379945e-01 1.376427068e-01 1.424192470e-02 0.000000000e+00 0.000000000e+00
2.574202362e-01 1.523323413e-01 1.673346073e-01 1.380582124e-01 1.427412890e-02 0.000000000e+00 0.000000000e+00
2.728966785e-01 1.535676970e-01 1.671939233e-01 1.392352021e-01 1.433249486e-02 0.000000000e+00 0.000000000e+00
2.893035848e-01 1.544604573e-01 1.672807552e-01 1.401889301e-01 1.427152712e-02 0.000000000e+00 0.000000000e+00
3.066968958e-01 1.557724290e-01 1.680571144e-01 1.417070331e-01 1.406539582e-02 0.000000000e+00 0.000000000e+00
3.251359155e-01 1.568723787e-01 1.685722542e-01 1.425846785e-01 1.428770016e-02 0.000000000e+00 0.000000000e+00
3.446835132e-01 1.582620784e-01 1.697445255e-01 1.438374032e-01 1.442467524e-02 0.000000000e+00 0.000000000e+00
3.654063382e-01 1.666494410e-01 1.785564196e-01 1.517887973e-01 1.486064375e-02 0.000000000e+00 0.000000000e+00
3.873750465e-01 2.575486640e-01 2.751055826e-01 2.346631134e-01 2.288555057e-02 0.000000000e+00 0.000000000e+00
4.106645425e-01 3.085161453e-01 3.286474655e-01 2.812180046e-01 2.729814076e-02 0.000000000e+00 0.000000000e+00
4.353542335e-01 3.016050600e-01 3.208647026e-01 2.756551317e-01 2.594992829e-02 0.000000000e+00 0.000000000e+00
4.615283011e-01 3.124330068e-01 3.318096411e-01 2.854757693e-01 2.695723758e-02 0.000000000e+00 0.000000000e+00
4.892759879e-01 2.994519728e-01 3.171769912e-01 2.737517633e-01 2.570020949e-02 0.000000000e+00 0.000000000e+00
5.186919022e-01 3.046428242e-01 3.222205812e-01 2.792683827e-01 2.537444142e-02 0.000000000e+00 0.000000000e+00
5.498763397e-01 3.052293487e-01 3.221871438e-01 2.805797273e-01 2.464962141e-02 0.000000000e+00 0.000000000e+00
5.829356266e-01 3.103839566e-01 3.268687680e-01 2.857264368e-01 2.465751990e-02 0.000000000e+00 0.000000000e+00
6.179824811e-01 3.110344107e-01 3.271442607e-01 2.868896019e-01 2.414480888e-02 0.000000000e+00 0.000000000e+00
6.551363985e-01 3.097856201e-01 3.252736931e-01 2.863399984e-01 2.344562166e-02 0.000000000e+00 0.000000000e+00
6.945240582e-01 3.163795487e-01 3.314782260e-01 2.934093030e-01 2.297024572e-02 0.000000000e+00 0.000000000e+00
7.362797556e-01 3.123978561e-01 3.263753978e-01 2.907007031e-01 2.169715306e-02 0.000000000e+00 0.000000000e+00
7.805458603e-01 3.122333145e-01 3.258757018e-01 2.916735275e-01 2.055978698e-02 0.000000000e+00 0.000000000e+00
8.274733014e-01 3.135584634e-01 3.263305512e-01 2.933154951e-01 2.024296830e-02 0.000000000e+00 0.000000000e+00
8.772220817e-01 3.150507433e-01 3.276325808e-01 2.957792956e-01 1.927144773e-02 0.000000000e+00 0.000000000e+00
9.299618239e-01 3.161593378e-01 3.282199459e-01 2.981984076e-01 1.796093014e-02 0.000000000e+00 0.000000000e+00
9.858723487e-01 3.099742263e-01 3.208291953e-01 2.932531098e-01 1.672111654e-02 7.353619018e-171 7.159722126e-172
1.045144288e+00 3.008119372e-01 3.105969016e-01 2.857539388e-01 1.505799837e-02 4.797928033e-161 3.479086078e-162
1.107979733e+00 2.826395370e-01 2.915188859e-01 2.693370823e-01 1.330245469e-02 3.946287878e-151 2.493425973e-152
1.174592928e+00 2.741307360e-01 2.822948274e-01 2.621193588e-01 1.201137714e-02 1.272518585e-142 1.080725538e-143
1.245210996e+00 2.644708995e-01 2.720792576e-01 2.539039781e-01 1.056692144e-02 2.398656368e-134 1.068036713e-135
1.320074714e+00 2.598623080e-01 2.668685550e-01 2.505427394e-01 9.319568578e-03 2.683175669e-126 1.529962989e-127
1.399439338e+00 2.570724366e-01 2.634355888e-01 2.486819451e-01 8.390491531e-03 6.996607475e-119 2.815754675e-120
1.483575466e+00 2.544385516e-01 2.604793469e-01 2.470602837e-01 7.378267920e-03 5.375540970e-112 1.968864192e-113
1.572769969e+00 2.579597493e-01 2.637575435e-01 2.511248915e-01 6.834857755e-03 1.861991475e-105 6.159069365e-107
1.667326963e+00 2.558039301e-01 2.611762025e-01 2.497464554e-01 6.057474643e-03 3.126433868e-99 9.979016779e-101
1.767568847e+00 2.459176697e-01 2.507514678e-01 2.408166037e-01 5.101066006e-03 2.292574514e-93 6.014357085e-95
1.873837405e+00 2.247784820e-01 2.288906921e-01 2.207388965e-01 4.039585485e-03 9.450758165e-88 1.907211169e-89
1.986494968e+00 2.151490912e-01 2.188977323e-01 2.117857660e-01 3.363325180e-03 1.385177594e-82 2.604886261e-84
2.105925651e+00 1.980626321e-01 2.012358379e-01 1.953542919e-01 2.708340294e-03 1.121534852e-77 1.880276636e-79
2.232536664e+00 1.784826915e-01 1.811608712e-01 1.763631878e-01 2.119503701e-03 5.484241496e-73 7.707322060e-75
2.366759696e+00 1.624952139e-01 1.647095757e-01 1.608272360e-01 1.667977844e-03 1.243571713e-68 1.538505482e-70
2.509052394e+00 1.386834231e-01 1.404310605e-01 1.374796525e-01 1.203770669e-03 1.810246793e-64 1.846367581e-66
2.659899915e+00 1.363223385e-01 1.379052437e-01 1.353314300e-01 9.909085584e-04 1.499130254e-60 1.316823134e-62
2.819816587e+00 1.333414293e-01 1.347663318e-01 1.325230148e-01 8.184144848e-04 6.782557073e-57 4.915852476e-59
2.989347660e+00 1.123263729e-01 1.134222316e-01 1.117447271e-01 5.816457704e-04 2.207266679e-53 1.317270363e-55
3.169071162e+00 1.015552613e-01 1.024603294e-01 1.011232567e-01 4.320045875e-04 3.952227440e-50 1.995948419e-52
3.359599877e+00 9.778721742e-02 9.857582816e-02 9.744162683e-02 3.455905866e-04 4.731027226e-47 1.982320626e-49
3.561583429e+00 9.227560197e-02 9.295582714e-02 9.200709001e-02 2.685119622e-04 4.249283918e-44 1.443116271e-46
3.775710497e+00 7.874826093e-02 7.927725746e-02 7.855896511e-02 1.892958199e-04 2.101985139e-41 5.786126464e-44
4.002711165e+00 7.286256384e-02 7.331128042e-02 7.272104395e-02 1.415198944e-04 8.179214252e-39 1.849559621e-41
4.243359411e+00 6.969942213e-02 7.008687207e-02 6.958996465e-02 1.094574744e-04 2.378552484e-36 4.310499863e-39
4.498475745e+00 5.856023389e-02 5.885608381e-02 5.848617222e-02 7.406167671e-05 5.011852608e-34 7.318184032e-37
4.768930007e+00 5.230734082e-02 5.254597843e-02 5.225440609e-02 5.293472479e-05 6.984347523e-32 8.167724102e-35
5.055644335e+00 4.654139961e-02 4.673588193e-02 4.650392783e-02 3.747178824e-05 7.692497468e-30 7.241593272e-33
5.359596304e+00 4.263353373e-02 4.279506066e-02 4.260620322e-02 2.733051033e-05 6.432023618e-28 4.747790692e-31
5.681822265e+00 4.019057851e-02 4.032828292e-02 4.017022612e-02 2.035238512e-05 4.389764330e-26 2.554970431e-29
6.023420872e+00 3.658607109e-02 3.670292413e-02 3.657162831e-02 1.444278365e-05 2.179905347e-24 9.989596010e-28
6.385556837e+00 3.204164138e-02 3.213561142e-02 3.203182475e-02 9.816630157e-06 8.703527587e-23 3.102756681e-26
6.769464890e+00 2.921579010e-02 2.929428469e-02 2.920881644e-02 6.973667311e-06 2.924451635e-21 8.124145952e-25
7.176453999e+00 2.642676836e-02 2.649409253e-02 2.642204018e-02 4.728176235e-06 7.724308885e-20 1.641597293e-23
7.607911827e+00 2.408282062e-02 2.414804906e-02 2.407967950e-02 3.141119989e-06 1.813073622e-18 2.813839507e-22
8.065309466e+00 2.153293408e-02 2.161314376e-02 2.153091927e-02 2.014807717e-06 3.918767939e-17 4.385629534e-21
8.550206451e+00 1.963258955e-02 1.974430186e-02 1.963122441e-02 1.365142930e-06 7.752365507e-16 6.041064828e-20
9.064256079e+00 1.760705509e-02 1.774057202e-02 1.760612412e-02 9.309779797e-07 1.301910151e-14 7.924839533e-19
9.609211044e+00 1.651987427e-02 1.666439984e-02 1.651917064e-02 7.036350928e-07 1.762334004e-13 7.613211166e-18
1.018692942e+01 1.455811310e-02 1.467059553e-02 1.455771331e-02 3.997863253e-07 1.790069178e-12 3.996730385e-17
1.079938098e+01 1.281065302e-02 1.289198750e-02 1.281049978e-02 1.532244884e-07 1.477287085e-11 9.559151529e-17
1.144865393e+01 1.124095953e-02 1.129667422e-02 1.124093482e-02 2.460686023e-08 1.054909527e-10 5.954914420e-17
1.213696202e+01 9.512059047e-03 9.549795964e-03 9.512057708e-03 6.755206359e-10 6.634686409e-10 1.109565234e-17
1.286665210e+01 8.309081444e-03 8.334745118e-03 8.309077659e-03 0.000000000e+00 3.784733514e-09 0.000000000e+00
1.364021210e+01 7.367213965e-03 7.386004127e-03 7.367194461e-03 0.000000000e+00 1.950469700e-08 0.000000000e+00
1.446027954e+01 6.372822043e-03 6.387719417e-03 6.372719221e-03 0.000000000e+00 1.028215886e-07 0.000000000e+00
1.532965052e+01 5.511315975e-03 5.524956708e-03 5.510785364e-03 0.000000000e+00 5.306105030e-07 0.000000000e+00
1.625128922e+01 4.730777137e-03 4.741672650e-03 4.728220073e-03 0.000000000e+00 2.557064436e-06 0.000000000e+00
1.722833804e+01 4.225466637e-03 4.227742393e-03 4.214373426e-03 0.000000000e+00 1.109321172e-05 0.000000000e+00
1.826412832e+01 3.640761244e-03 3.610574032e-03 3.598774151e-03 0.000000000e+00 4.198709360e-05 0.000000000e+00
1.936219168e+01 3.292753602e-03 3.165417299e-03 3.155406099e-03 0.000000000e+00 1.373475030e-04 0.000000000e+00
2.052627204e+01 3.180478790e-03 2.779369869e-03 2.771371135e-03 0.000000000e+00 4.091076550e-04 0.000000000e+00
2.176033844e+01 3.608303551e-03 2.483779336e-03 2.477275765e-03 0.000000000e+00 1.131027786e-03 0.000000000e+00
2.306859853e+01 5.107820451e-03 2.227626340e-03 2.222361978e-03 0.000000000e+00 2.885458473e-03 0.000000000e+00
2.445551294e+01 8.889131730e-03 1.969004682e-03 1.964737699e-03 0.000000000e+00 6.924394031e-03 0.000000000e+00
2.592581045e+01 1.735761495e-02 1.730009780e-03 1.726535783e-03 0.000000000e+00 1.563107917e-02 0.000000000e+00
2.748450419e+01 3.509767733e-02 1.551472657e-03 1.548587614e-03 0.000000000e+00 3.354908972e-02 0.000000000e+00
2.913690863e+01 7.032980604e-02 1.395832369e-03 1.393418084e-03 0.000000000e+00 6.893638796e-02 0.000000000e+00
3.088865780e+01 1.330730213e-01 1.234758714e-03 1.232773533e-03 0.000000000e+00 1.318402478e-01 0.000000000e+00
3.274572442e+01 2.446676882e-01 1.111456845e-03 1.109802925e-03 0.000000000e+00 2.435578853e-01 0.000000000e+00
3.471444033e+01 4.291077967e-01 9.754024456e-04 9.740572092e-04 0.000000000e+00 4.281337395e-01 0.000000000e+00
3.680151802e+01 7.052464989e-01 8.706341778e-04 8.695192902e-04 0.000000000e+00 7.043769797e-01 0.000000000e+00
3.901407356e+01 1.120422955e+00 7.817152807e-04 7.808018292e-04 0.000000000e+00 1.119642153e+00 0.000000000e+00
4.135965084e+01 1.702132869e+00 6.989493516e-04 6.981988142e-04 0.000000000e+00 1.701434671e+00 0.000000000e+00
4.384624730e+01 2.474532857e+00 6.228031233e-04 6.221945666e-04 0.000000000e+00 2.473910662e+00 0.000000000e+00
4.648234121e+01 3.503597484e+00 5.494358770e-04 5.489516366e-04 0.000000000e+00 3.503048533e+00 0.000000000e+00
4.927692053e+01 4.709964242e+00 4.910196658e-04 4.906264932e-04 0.000000000e+00 4.709473616e+00 0.000000000e+00
5.223951363e+01 6.182487484e+00 4.370534791e-04 4.367413808e-04 0.000000000e+00 6.182050743e+00 0.000000000e+00
5.538022172e+01 7.821305463e+00 3.894845483e-04 3.892385337e-04 0.000000000e+00 7.820916225e+00 0.000000000e+00
5.870975330e+01 9.673374311e+00 3.435609015e-04 3.433674665e-04 0.000000000e+00 9.673030944e+00 0.000000000e+00
6.223946068e+01 1.157328587e+01 3.061173319e-04 3.059645083e-04 0.000000000e+00 1.157297990e+01 0.000000000e+00
6.598137870e+01 1.356070833e+01 2.742222352e-04 2.741009553e-04 0.000000000e+00 1.356043423e+01 0.000000000e+00
6.994826574e+01 1.550863470e+01 2.417275481e-04 2.416329543e-04 0.000000000e+00 1.550839307e+01 0.000000000e+00
7.415364723e+01 1.733111452e+01 2.147916074e-04 2.147175254e-04 0.000000000e+00 1.733089980e+01 0.000000000e+00
7.861186177e+01 1.900737778e+01 1.936059792e-04 1.935464601e-04 0.000000000e+00 1.900718423e+01 0.000000000e+00
8.333811002e+01 2.036669693e+01 1.690841679e-04 1.690384742e-04 0.000000000e+00 2.036652789e+01 0.000000000e+00
8.834850651e+01 2.158048648e+01 1.528252035e-04 1.527889270e-04 0.000000000e+00 2.158033369e+01 0.000000000e+00
9.366013462e+01 2.231463681e+01 1.362265423e-04 1.361981508e-04 0.000000000e+00 2.231450061e+01 0.000000000e+00
9.929110477e+01 2.275006297e+01 7.725360706e-05 7.723913635e-05 0.000000000e+00 2.274998574e+01 0.000000000e+00
1.052606162e+02 2.296086298e+01 0.000000000e+00 0.000000000e+00 0.000000000e+00 2.296086298e+01 0.000000000e+00
1.115890226e+02 2.276161323e+01 0.000000000e+00 0.000000000e+00 0.000000000e+00 2.276161323e+01 0.000000000e+00
1.182979010e+02 2.235568814e+01 0.000000000e+00 0.000000000e+00 0.000000000e+00 2.235568814e+01 0.000000000e+00
1.254101260e+02 2.177778414e+01 0.000000000e+00 0.000000000e+00 0.000000000e+00 2.177778414e+01 0.000000000e+00
1.329499472e+02 2.113524429e+01 0.000000000e+00 0.000000000e+00 0.000000000e+00 2.113524429e+01 0.000000000e+00
1.409430725e+02 2.007621915e+01 0.000000000e+00 0.000000000e+00 0.000000000e+00 2.007621915e+01 0.000000000e+00
1.494167549e+02 1.846062582e+01 0.000000000e+00 0.000000000e+00 0.000000000e+00 1.846062582e+01 0.000000000e+00
1.583998862e+02 1.694480572e+01 0.000000000e+00 0.000000000e+00 0.000000000e+00 1.694480572e+01 0.000000000e+00
1.679230951e+02 1.538213397e+01 0.000000000e+00 0.000000000e+00 0.000000000e+00 1.538213397e+01 0.000000000e+00
1.780188519e+02 1.386949028e+01 0.000000000e+00 0.000000000e+00 0.000000000e+00 1.386949028e+01 0.000000000e+00
1.887215788e+02 1.247781565e+01 0.000000000e+00 0.000000000e+00 0.000000000e+00 1.247781565e+01 0.000000000e+00
2.000677676e+02 1.103413280e+01 0.000000000e+00 0.000000000e+00 0.000000000e+00 1.103413280e+01 0.000000000e+00
2.120961043e+02 9.730644221e+00 0.000000000e+00 0.000000000e+00 0.000000000e+00 9.730644221e+00 0.000000000e+00
2.248476003e+02 8.596778446e+00 0.000000000e+00 0.000000000e+00 0.000000000e+00 8.596778446e+00 0.000000000e+00
2.383657330e+02 7.489377136e+00 0.000000000e+00 0.000000000e+00 0.000000000e+00 7.489377136e+00 0.000000000e+00
2.526965935e+02 6.540094115e+00 0.000000000e+00 0.000000000e+00 0.000000000e+00 6.540094115e+00 0.000000000e+00
2.678890442e+02 5.631431881e+00 0.000000000e+00 0.000000000e+00 0.000000000e+00 5.631431881e+00 0.000000000e+00
2.839948849e+02 4.841923169e+00 0.000000000e+00 0.000000000e+00 0.000000000e+00 4.841923169e+00 0.000000000e+00
3.010690299e+02 4.084527008e+00 0.000000000e+00 0.000000000e+00 0.000000000e+00 4.084527008e+00 0.000000000e+00
3.191696949e+02 3.464067885e+00 0.000000000e+00 0.000000000e+00 0.000000000e+00 3.464067885e+00 0.000000000e+00
3.383585957e+02 2.922259462e+00 0.000000000e+00 0.000000000e+00 0.000000000e+00 2.922259462e+00 0.000000000e+00
3.587011583e+02 2.496182391e+00 0.000000000e+00 0.000000000e+00 0.000000000e+00 2.496182391e+00 0.000000000e+00
3.802667425e+02 2.091701309e+00 0.000000000e+00 0.000000000e+00 0.000000000e+00 2.091701309e+00 0.000000000e+00
4.031288779e+02 1.761867151e+00 0.000000000e+00 0.000000000e+00 0.000000000e+00 1.761867151e+00 0.000000000e+00
4.273655148e+02 1.460192629e+00 0.000000000e+00 0.000000000e+00 0.000000000e+00 1.460192629e+00 0.000000000e+00
4.530592901e+02 1.221490875e+00 0.000000000e+00 0.000000000e+00 0.000000000e+00 1.221490875e+00 0.000000000e+00
4.802978090e+02 1.018119490e+00 0.000000000e+00 0.000000000e+00 0.000000000e+00 1.018119490e+00 0.000000000e+00
5.091739433e+02 8.362105785e-01 0.000000000e+00 0.000000000e+00 0.000000000e+00 8.362105785e-01 0.000000000e+00
5.397861487e+02 6.934990501e-01 0.000000000e+00 0.000000000e+00 0.000000000e+00 6.934990501e-01 0.000000000e+00
5.722388000e+02 5.643743518e-01 0.000000000e+00 0.000000000e+00 0.000000000e+00 5.643743518e-01 0.000000000e+00
6.066425473e+02 4.682234610e-01 0.000000000e+00 0.000000000e+00 0.000000000e+00 4.682234610e-01 0.000000000e+00
6.431146930e+02 3.828574436e-01 0.000000000e+00 0.000000000e+00 0.000000000e+00 3.828574436e-01 0.000000000e+00
6.817795920e+02 3.136266901e-01 0.000000000e+00 0.000000000e+00 0.000000000e+00 3.136266901e-01 0.000000000e+00
7.227690754e+02 2.581460903e-01 0.000000000e+00 0.000000000e+00 0.000000000e+00 2.581460903e-01 0.000000000e+00
7.662229003e+02 2.077617915e-01 0.000000000e+00 0.000000000e+00 0.000000000e+00 2.077617915e-01 0.000000000e+00
8.122892262e+02 1.709189424e-01 0.000000000e+00 0.000000000e+00 0.000000000e+00 1.709189424e-01 0.000000000e+00
8.611251200e+02 1.392080186e-01 0.000000000e+00 0.000000000e+00 0.000000000e+00 1.392080186e-01 0.000000000e+00
9.128970918e+02 1.134252571e-01 0.000000000e+00 0.000000000e+00 0.000000000e+00 1.134252571e-01 0.000000000e+00
9.677816625e+02 9.277381877e-02 0.000000000e+00 0.000000000e+00 0.000000000e+00 9.277381877e-02 0.000000000e+00
1.025965966e+03 7.924906562e-02 0.000000000e+00 0.000000000e+00 0.000000000e+00 7.924906562e-02 0.000000000e+00
1.087648385e+03 7.044723049e-02 0.000000000e+00 0.000000000e+00 0.000000000e+00 7.044723049e-02 0.000000000e+00
1.153039233e+03 6.466266824e-02 0.000000000e+00 0.000000000e+00 0.000000000e+00 6.466266824e-02 0.000000000e+00
1.222361464e+03 5.781443546e-02 0.000000000e+00 0.000000000e+00 0.000000000e+00 5.781443546e-02 0.000000000e+00
1.295851439e+03 5.231636833e-02 0.000000000e+00 0.000000000e+00 0.000000000e+00 5.231636833e-02 0.000000000e+00
1.373759727e+03 4.728304403e-02 0.000000000e+00 0.000000000e+00 0.000000000e+00 4.728304403e-02 0.000000000e+00
1.456351964e+03 4.221891430e-02 0.000000000e+00 0.000000000e+00 0.000000000e+00 4.221891430e-02 0.000000000e+00
1.543909754e+03 3.852946003e-02 0.000000000e+00 0.000000000e+00 0.000000000e+00 3.852946003e-02 0.000000000e+00
1.636731634e+03 3.430955736e-02 0.000000000e+00 0.000000000e+00 0.000000000e+00 3.430955736e-02 0.000000000e+00
1.735134087e+03 3.097923421e-02 0.000000000e+00 0.000000000e+00 0.000000000e+00 3.097923421e-02 0.000000000e+00
1.839452624e+03 2.788813538e-02 0.000000000e+00 0.000000000e+00 0.000000000e+00 2.788813538e-02 0.000000000e+00
1.950042929e+03 2.515325244e-02 0.000000000e+00 0.000000000e+00 0.000000000e+00 2.515325244e-02 0.000000000e+00
2.067282068e+03 2.246073077e-02 0.000000000e+00 0.000000000e+00 0.000000000e+00 2.246073077e-02 0.000000000e+00
2.191569778e+03 2.010520018e-02 0.000000000e+00 0.000000000e+00 0.000000000e+00 2.010520018e-02 0.000000000e+00
2.323329827e+03 1.822770833e-02 0.000000000e+00 0.000000000e+00 0.000000000e+00 1.822770833e-02 0.000000000e+00
2.463011464e+03 1.624733775e-02 0.000000000e+00 0.000000000e+00 0.000000000e+00 1.624733775e-02 0.000000000e+00
2.611090944e+03 1.456122560e-02 0.000000000e+00 0.000000000e+00 0.000000000e+00 1.456122560e-02 0.000000000e+00
2.768073157e+03 1.317879159e-02 0.000000000e+00 0.000000000e+00 0.000000000e+00 1.317879159e-02 0.000000000e+00
2.934493346e+03 1.166333996e-02 0.000000000e+00 0.000000000e+00 0.000000000e+00 1.166333996e-02 0.000000000e+00
3.110918936e+03 1.036116359e-02 0.000000000e+00 0.000000000e+00 0.000000000e+00 1.036116359e-02 0.000000000e+00
3.297951463e+03 9.334632543e-03 0.000000000e+00 0.000000000e+00 0.000000000e+00 9.334632543e-03 0.000000000e+00
3.496228631e+03 8.331628708e-03 0.000000000e+00 0.000000000e+00 0.000000000e+00 8.331628708e-03 0.000000000e+00
3.706426483e+03 7.481020094e-03 0.000000000e+00 0.000000000e+00 0.000000000e+00 7.481020094e-03 0.000000000e+00
3.929261705e+03 6.708593171e-03 0.000000000e+00 0.000000000e+00 0.000000000e+00 6.708593171e-03 0.000000000e+00
4.165494073e+03 5.930535095e-03 0.000000000e+00 0.000000000e+00 0.000000000e+00 5.930535095e-03 0.000000000e+00
4.415929040e+03 5.321240375e-03 0.000000000e+00 0.000000000e+00 0.000000000e+00 5.321240375e-03 0.000000000e+00
4.681420487e+03 4.764804492e-03 0.000000000e+00 0.000000000e+00 0.000000000e+00 4.764804492e-03 0.000000000e+00
4.962873628e+03 4.290542511e-03 0.000000000e+00 0.000000000e+00 0.000000000e+00 4.290542511e-03 0.000000000e+00
5.261248100e+03 3.830389992e-03 0.000000000e+00 0.000000000e+00 0.000000000e+00 3.830389992e-03 0.000000000e+00
5.577561237e+03 3.391018838e-03 0.000000000e+00 0.000000000e+00 0.000000000e+00 3.391018838e-03 0.000000000e+00
5.912891535e+03 3.023282000e-03 0.000000000e+00 0.000000000e+00 0.000000000e+00 3.023282000e-03 0.000000000e+00
6.268382331e+03 2.698416101e-03 0.000000000e+00 0.000000000e+00 0.000000000e+00 2.698416101e-03 0.000000000e+00
6.645245699e+03 2.403095521e-03 0.000000000e+00 0.000000000e+00 0.000000000e+00 2.403095521e-03 0.000000000e+00
7.044766588e+03 2.145975596e-03 0.000000000e+00 0.000000000e+00 0.000000000e+00 2.145975596e-03 0.000000000e+00
7.468307196e+03 1.930866838e-03 0.000000000e+00 0.000000000e+00 0.000000000e+00 1.930866838e-03 0.000000000e+00
7.917311621e+03 1.707303213e-03 0.000000000e+00 0.000000000e+00 0.000000000e+00 1.707303213e-03 0.000000000e+00
8.393310782e+03 1.522997101e-03 0.000000000e+00 0.000000000e+00 0.000000000e+00 1.522997101e-03 0.000000000e+00
8.897927636e+03 1.371580470e-03 0.000000000e+00 0.000000000e+00 0.000000000e+00 1.371580470e-03 0.000000000e+00
9.432882717e+03 1.206479728e-03 0.000000000e+00 0.000000000e+00 0.000000000e+00 1.206479728e-03 0.000000000e+00
1.000000000e+04 9.681947475e-04 0.000000000e+00 0.000000000e+00 0.000000000e+00 9.681947475e-04 0.000000000e+00
