# column 1: wavelength (micron)
# column 2: total flux; F_nu (Jy)
# column 3: transparent flux; F_nu (Jy)
# column 4: direct primary flux; F_nu (Jy)
# column 5: scattered primary flux; F_nu (Jy)
# column 6: direct secondary flux; F_nu (Jy)
# column 7: scattered secondary flux; F_nu (Jy)
9.000000000e-02 1.098108439e-02 3.358714033e-02 9.366685700e-03 1.614398688e-03 0.000000000e+00 0.000000000e+00
9.541091806e-02 6.244732278e-02 1.755493056e-01 5.279227373e-02 9.655049051e-03 0.000000000e+00 0.000000000e+00
1.011471476e-01 8.704030466e-02 2.090937476e-01 7.221427920e-02 1.482602546e-02 0.000000000e+00 0.000000000e+00
1.072282468e-01 1.152792517e-01 2.373042541e-01 9.434461841e-02 2.093463333e-02 0.000000000e+00 0.000000000e+00
1.136749497e-01 1.290146717e-01 2.380969686e-01 1.052062609e-01 2.380841076e-02 0.000000000e+00 0.000000000e+00
1.205092367e-01 1.154840454e-01 1.993351734e-01 9.388413418e-02 2.159991117e-02 0.000000000e+00 0.000000000e+00
1.277544101e-01 1.396584601e-01 2.297427253e-01 1.134003161e-01 2.625814397e-02 0.000000000e+00 0.000000000e+00
1.354351729e-01 1.464419533e-01 2.336382342e-01 1.190238953e-01 2.741805791e-02 0.000000000e+00 0.000000000e+00
1.435777131e-01 1.441330550e-01 2.241498035e-01 1.177259712e-01 2.640708376e-02 0.000000000e+00 0.000000000e+00
1.522097936e-01 1.435130093e-01 2.173151088e-01 1.176847467e-01 2.582826265e-02 0.000000000e+00 0.000000000e+00
1.613608460e-01 1.398081062e-01 2.103372205e-01 1.149309179e-01 2.487718829e-02 0.000000000e+00 0.000000000e+00
1.710620718e-01 1.364614178e-01 2.078204757e-01 1.114790530e-01 2.498236484e-02 0.000000000e+00 0.000000000e+00
1.813465479e-01 1.280439047e-01 2.025712984e-01 1.036876841e-01 2.435622062e-02 0.000000000e+00 0.000000000e+00
1.922493402e-01 1.164771307e-01 1.966108009e-01 9.321095229e-02 2.326617837e-02 0.000000000e+00 0.000000000e+00
2.038076228e-01 1.030932341e-01 1.889021079e-01 8.159102946e-02 2.150220468e-02 0.000000000e+00 0.000000000e+00
2.160608044e-01 1.012502914e-01 1.870145809e-01 7.859665018e-02 2.265364118e-02 0.000000000e+00 0.000000000e+00
2.290506634e-01 1.064422987e-01 1.784740765e-01 8.072044753e-02 2.572185119e-02 0.000000000e+00 0.000000000e+00
2.428214897e-01 1.132083257e-01 1.710767899e-01 8.362470321e-02 2.958362249e-02 0.000000000e+00 0.000000000e+00
2.574202362e-01 1.174255164e-01 1.674990383e-01 8.618785868e-02 3.123765775e-02 0.000000000e+00 0.000000000e+00
2.728966785e-01 1.201388758e-01 1.657940404e-01 8.749141808e-02 3.264745770e-02 0.000000000e+00 0.000000000e+00
2.893035848e-01 1.245696225e-01 1.689997769e-01 9.112159659e-02 3.344802593e-02 0.000000000e+00 0.000000000e+00
3.066968958e-01 1.268365623e-01 1.691558868e-01 9.291400677e-02 3.392255556e-02 0.000000000e+00 0.000000000e+00
3.251359155e-01 1.274928359e-01 1.681372276e-01 9.311291670e-02 3.437991917e-02 0.000000000e+00 0.000000000e+00
3.446835132e-01 1.294073245e-01 1.694565919e-01 9.424250913e-02 3.516481536e-02 0.000000000e+00 0.000000000e+00
3.654063382e-01 1.377977003e-01 1.784075946e-01 1.003074076e-01 3.749029266e-02 0.000000000e+00 0.000000000e+00
3.873750465e-01 2.134610222e-01 2.743064582e-01 1.557860514e-01 5.767497084e-02 0.000000000e+00 0.000000000e+00
4.106645425e-01 2.576218849e-01 3.292540841e-01 1.891233533e-01 6.849853162e-02 0.000000000e+00 0.000000000e+00
4.353542335e-01 2.520541844e-01 3.198728296e-01 1.853916698e-01 6.666251460e-02 0.000000000e+00 0.000000000e+00
4.615283011e-01 2.637515838e-01 3.327191290e-01 1.941676259e-01 6.958395794e-02 0.000000000e+00 0.000000000e+00
4.892759879e-01 2.519910907e-01 3.158479459e-01 1.862186204e-01 6.577247023e-02 0.000000000e+00 0.000000000e+00
5.186919022e-01 2.590736311e-01 3.230074654e-01 1.932875937e-01 6.578603735e-02 0.000000000e+00 0.000000000e+00
5.498763397e-01 2.614481508e-01 3.229665118e-01 1.958568665e-01 6.559128430e-02 0.000000000e+00 0.000000000e+00
5.829356266e-01 2.667870538e-01 3.267938940e-01 2.005438961e-01 6.624315771e-02 0.000000000e+00 0.000000000e+00
6.179824811e-01 2.686375182e-01 3.276517554e-01 2.034176993e-01 6.521981893e-02 0.000000000e+00 0.000000000e+00
6.551363985e-01 2.696885856e-01 3.262184067e-01 2.048436057e-01 6.484497992e-02 0.000000000e+00 0.000000000e+00
6.945240582e-01 2.762383276e-01 3.318343645e-01 2.122486163e-01 6.398971130e-02 0.000000000e+00 0.000000000e+00
7.362797556e-01 2.752925682e-01 3.267725195e-01 2.137204483e-01 6.157211995e-02 0.000000000e+00 0.000000000e+00
7.805458603e-01 2.782905151e-01 3.278793998e-01 2.180422615e-01 6.024825362e-02 0.000000000e+00 0.000000000e+00
8.274733014e-01 2.764052327e-01 3.244440227e-01 2.182760963e-01 5.812913636e-02 0.000000000e+00 0.000000000e+00
8.772220817e-01 2.827061368e-01 3.287291613e-01 2.252692707e-01 5.743686608e-02 0.000000000e+00 0.000000000e+00
9.299618239e-01 2.842254239e-01 3.284290448e-01 2.292719402e-01 5.495348369e-02 0.000000000e+00 0.000000000e+00
9.858723487e-01 2.807337424e-01 3.217396362e-01 2.300875903e-01 5.064615213e-02 2.072747573e-140 3.126042667e-141
1.045144288e+00 2.720724886e-01 3.095254460e-01 2.260501149e-01 4.602237372e-02 2.019207479e-132 5.936970418e-133
1.107979733e+00 2.585719201e-01 2.925780938e-01 2.169997845e-01 4.157213553e-02 7.913961377e-125 1.885202599e-125
1.174592928e+00 2.516824034e-01 2.831532805e-01 2.132914366e-01 3.839096688e-02 6.337301859e-117 1.012377260e-117
1.245210996e+00 2.426703321e-01 2.715057512e-01 2.088287680e-01 3.384156410e-02 2.910180360e-110 4.360815452e-111
1.320074714e+00 2.409421188e-01 2.679196188e-01 2.105049210e-01 3.043719772e-02 3.119890421e-104 5.833668506e-105
1.399439338e+00 2.388268346e-01 2.637206104e-01 2.113475854e-01 2.747924927e-02 7.594114698e-98 1.266893664e-98
1.483575466e+00 2.365601415e-01 2.597741465e-01 2.117320386e-01 2.482810285e-02 5.401897988e-92 5.917354787e-93
1.572769969e+00 2.414734420e-01 2.638859101e-01 2.183684494e-01 2.310499255e-02 1.166569560e-86 1.620737184e-87
1.667326963e+00 2.413171504e-01 2.623246023e-01 2.203281840e-01 2.098896636e-02 2.587353326e-81 2.606400420e-82
1.767568847e+00 2.293889403e-01 2.479633498e-01 2.118926269e-01 1.749631333e-02 1.601096264e-76 1.438612384e-77
1.873837405e+00 2.123062797e-01 2.282875861e-01 1.980776776e-01 1.422860204e-02 4.894943364e-72 4.387396825e-73
1.986494968e+00 2.040324902e-01 2.183435333e-01 1.920370188e-01 1.199547141e-02 1.090504746e-67 8.233361955e-69
2.105925651e+00 1.883190797e-01 2.004867900e-01 1.785902723e-01 9.728807466e-03 1.806546141e-63 1.199189972e-64
2.232536664e+00 1.696128729e-01 1.797954578e-01 1.620088314e-01 7.604041523e-03 1.024945284e-59 5.684529758e-61
2.366759696e+00 1.558662654e-01 1.644730513e-01 1.497558479e-01 6.110417578e-03 4.324997285e-56 2.089923879e-57
2.509052394e+00 1.340391795e-01 1.407656823e-01 1.295952107e-01 4.443968796e-03 1.243422887e-52 5.032527157e-54
2.659899915e+00 1.323970489e-01 1.384663393e-01 1.286912462e-01 3.705802767e-03 2.529095841e-49 8.513896157e-51
2.819816587e+00 1.301861870e-01 1.357547990e-01 1.270699730e-01 3.116214044e-03 2.851146781e-46 8.011039422e-48
2.989347660e+00 1.080337860e-01 1.122161343e-01 1.058607937e-01 2.172992318e-03 2.209711126e-43 5.221858608e-45
3.169071162e+00 9.768200309e-02 1.011518282e-01 9.604010877e-02 1.641894322e-03 1.144150995e-40 2.252226292e-42
3.359599877e+00 9.591683869e-02 9.900456227e-02 9.458385456e-02 1.332984129e-03 4.188307948e-38 6.779268173e-40
3.561583429e+00 9.022706985e-02 9.290181581e-02 8.919468947e-02 1.032380383e-03 1.189040513e-35 1.543668184e-37
3.775710497e+00 7.790420961e-02 7.999856951e-02 7.717816384e-02 7.260457662e-04 2.255272626e-33 2.434328190e-35
4.002711165e+00 7.099441683e-02 7.272205934e-02 7.045211388e-02 5.423029460e-04 3.156273024e-31 2.756933954e-33
4.243359411e+00 6.865879407e-02 7.017107436e-02 6.823129945e-02 4.274946188e-04 3.377949222e-29 2.360357751e-31
4.498475745e+00 5.744266520e-02 5.859400692e-02 5.715575204e-02 2.869131647e-04 2.771230342e-27 1.564480668e-29
4.768930007e+00 5.113226375e-02 5.206010844e-02 5.092708311e-02 2.051806434e-04 1.768890717e-25 7.919473236e-28
5.055644335e+00 4.580474919e-02 4.656225342e-02 4.565752627e-02 1.472229195e-04 8.910680930e-24 3.257761132e-26
5.359596304e+00 4.242154687e-02 4.305215104e-02 4.231288394e-02 1.086629265e-04 3.453985385e-22 9.886479719e-25
5.681822265e+00 3.931682714e-02 3.985805631e-02 3.923738592e-02 7.944121689e-05 1.084127951e-20 2.489548056e-23
6.023420872e+00 3.602367019e-02 3.648139361e-02 3.596659797e-02 5.707222071e-05 2.806184433e-19 5.069343051e-22
6.385556837e+00 3.214568893e-02 3.251951836e-02 3.210533166e-02 4.035727358e-05 6.013057328e-18 8.528155537e-21
6.769464890e+00 2.879783129e-02 2.910702200e-02 2.876928983e-02 2.854145492e-05 1.065754893e-16 1.178615128e-19
7.176453999e+00 2.613434492e-02 2.639623157e-02 2.611428546e-02 2.005945904e-05 1.654806211e-15 1.414480153e-18
7.607911827e+00 2.345043808e-02 2.370014288e-02 2.343664063e-02 1.379745055e-05 2.193257104e-14 1.444503268e-17
8.065309466e+00 2.133037822e-02 2.164597927e-02 2.132063540e-02 9.742819148e-06 2.612357811e-13 1.343644928e-16
8.550206451e+00 1.894453443e-02 1.936936388e-02 1.893748886e-02 7.045568736e-06 2.941574288e-12 1.237250159e-15
9.064256079e+00 1.745120941e-02 1.797982320e-02 1.744566521e-02 5.544170769e-06 3.111195483e-11 1.150011899e-14
9.609211044e+00 1.588380144e-02 1.643777997e-02 1.587922593e-02 4.575247947e-06 2.642790074e-10 8.671375483e-14
1.018692942e+01 1.418618425e-02 1.462483836e-02 1.418279674e-02 3.385723635e-06 1.785479423e-09 4.850653645e-13
1.079938098e+01 1.262457568e-02 1.294396345e-02 1.262217868e-02 2.386716473e-06 1.028154267e-08 2.209214296e-12
1.144865393e+01 1.088252093e-02 1.109799884e-02 1.088091436e-02 1.554048594e-06 5.251608411e-08 8.392654030e-12
1.213696202e+01 9.388118945e-03 9.533318911e-03 9.386937413e-03 9.455396926e-07 2.359651924e-07 2.639057548e-11
1.286665210e+01 8.316448688e-03 8.417867396e-03 8.314918074e-03 5.446189397e-07 9.859269074e-07 6.828511141e-11
1.364021210e+01 7.230059312e-03 7.299534102e-03 7.226021572e-03 2.616487197e-07 3.775965261e-06 1.260169558e-10
1.446027954e+01 6.300147072e-03 6.344452756e-03 6.285300664e-03 8.446208262e-08 1.476181164e-05 1.342581261e-10
1.532965052e+01 5.531342744e-03 5.531202879e-03 5.475008118e-03 1.335961451e-08 5.632120439e-05 6.180957696e-11
1.625128922e+01 4.974003878e-03 4.819665824e-03 4.764413401e-03 3.824876455e-10 2.095900899e-04 3.916570244e-12
1.722833804e+01 4.836127804e-03 4.176543933e-03 4.123978602e-03 0.000000000e+00 7.121492017e-04 0.000000000e+00
1.826412832e+01 5.668638906e-03 3.603739263e-03 3.556844819e-03 0.000000000e+00 2.111794087e-03 0.000000000e+00
1.936219168e+01 8.810774184e-03 3.173415017e-03 3.134070932e-03 0.000000000e+00 5.676703252e-03 0.000000000e+00
2.052627204e+01 1.650596137e-02 2.786954222e-03 2.755248809e-03 0.000000000e+00 1.375071256e-02 0.000000000e+00
2.176033844e+01 3.389843276e-02 2.517255657e-03 2.491473330e-03 0.000000000e+00 3.140695943e-02 0.000000000e+00
2.306859853e+01 7.018343507e-02 2.184502591e-03 2.164101522e-03 0.000000000e+00 6.801933355e-02 0.000000000e+00
2.445551294e+01 1.401490158e-01 1.971340354e-03 1.954370622e-03 0.000000000e+00 1.381946451e-01 0.000000000e+00
2.592581045e+01 2.698548661e-01 1.760887051e-03 1.746759376e-03 0.000000000e+00 2.681081068e-01 0.000000000e+00
2.748450419e+01 4.937956735e-01 1.568870797e-03 1.557313390e-03 0.000000000e+00 4.922383601e-01 0.000000000e+00
2.913690863e+01 8.781598961e-01 1.405161047e-03 1.395570534e-03 0.000000000e+00 8.767643255e-01 0.000000000e+00
3.088865780e+01 1.495645153e+00 1.230619880e-03 1.222840675e-03 0.000000000e+00 1.494422312e+00 0.000000000e+00
3.274572442e+01 2.436672021e+00 1.102103985e-03 1.095613839e-03 0.000000000e+00 2.435576407e+00 0.000000000e+00
3.471444033e+01 3.770661259e+00 9.832990646e-04 9.779340399e-04 0.000000000e+00 3.769683325e+00 0.000000000e+00
3.680151802e+01 5.642125999e+00 8.714057338e-04 8.669970657e-04 0.000000000e+00 5.641259002e+00 0.000000000e+00
3.901407356e+01 8.076852102e+00 7.830652215e-04 7.794363743e-04 0.000000000e+00 8.076072666e+00 0.000000000e+00
4.135965084e+01 1.119473068e+01 6.998386874e-04 6.968373199e-04 0.000000000e+00 1.119403384e+01 0.000000000e+00
4.384624730e+01 1.484015642e+01 6.159812570e-04 6.136236313e-04 0.000000000e+00 1.483954279e+01 0.000000000e+00
4.648234121e+01 1.914283880e+01 5.456059206e-04 5.437004572e-04 0.000000000e+00 1.914229510e+01 0.000000000e+00
4.927692053e+01 2.379751205e+01 4.895343824e-04 4.880015231e-04 0.000000000e+00 2.379702405e+01 0.000000000e+00
5.223951363e+01 2.891582016e+01 4.376420039e-04 4.364092401e-04 0.000000000e+00 2.891538375e+01 0.000000000e+00
5.538022172e+01 3.415411726e+01 3.897786168e-04 3.887887421e-04 0.000000000e+00 3.415372847e+01 0.000000000e+00
5.870975330e+01 3.924469429e+01 3.486634436e-04 3.478843880e-04 0.000000000e+00 3.924434640e+01 0.000000000e+00
6.223946068e+01 4.402482792e+01 3.079376229e-04 3.073285813e-04 0.000000000e+00 4.402452059e+01 0.000000000e+00
6.598137870e+01 4.835879483e+01 2.744500753e-04 2.739674871e-04 0.000000000e+00 4.835852086e+01 0.000000000e+00
6.994826574e+01 5.224701595e+01 2.416585792e-04 2.412825556e-04 0.000000000e+00 5.224677467e+01 0.000000000e+00
7.415364723e+01 5.504551467e+01 2.146272654e-04 2.143298050e-04 0.000000000e+00 5.504530034e+01 0.000000000e+00
7.861186177e+01 5.708246697e+01 1.914615253e-04 1.912284761e-04 0.000000000e+00 5.708227574e+01 0.000000000e+00
8.333811002e+01 5.796163402e+01 1.695506123e-04 1.693680102e-04 0.000000000e+00 5.796146465e+01 0.000000000e+00
8.834850651e+01 5.826439471e+01 1.508498114e-04 1.507071435e-04 0.000000000e+00 5.826424400e+01 0.000000000e+00
9.366013462e+01 5.766457312e+01 1.338971644e-04 1.337858459e-04 0.000000000e+00 5.766443934e+01 0.000000000e+00
9.929110477e+01 5.633276779e+01 7.799629898e-05 7.793749547e-05 0.000000000e+00 5.633268986e+01 0.000000000e+00
1.052606162e+02 5.444730450e+01 0.000000000e+00 0.000000000e+00 0.000000000e+00 5.444730450e+01 0.000000000e+00
1.115890226e+02 5.188835286e+01 0.000000000e+00 0.000000000e+00 0.000000000e+00 5.188835286e+01 0.000000000e+00
1.182979010e+02 4.924331874e+01 0.000000000e+00 0.000000000e+00 0.000000000e+00 4.924331874e+01 0.000000000e+00
1.254101260e+02 4.602117095e+01 0.000000000e+00 0.000000000e+00 0.000000000e+00 4.602117095e+01 0.000000000e+00
1.329499472e+02 4.326761978e+01 0.000000000e+00 0.000000000e+00 0.000000000e+00 4.326761978e+01 0.000000000e+00
1.409430725e+02 3.977494677e+01 0.000000000e+00 0.000000000e+00 0.000000000e+00 3.977494677e+01 0.000000000e+00
1.494167549e+02 3.575472381e+01 0.000000000e+00 0.000000000e+00 0.000000000e+00 3.575472381e+01 0.000000000e+00
1.583998862e+02 3.164963950e+01 0.000000000e+00 0.000000000e+00 0.000000000e+00 3.164963950e+01 0.000000000e+00
1.679230951e+02 2.781057970e+01 0.000000000e+00 0.000000000e+00 0.000000000e+00 2.781057970e+01 0.000000000e+00
1.780188519e+02 2.458363913e+01 0.000000000e+00 0.000000000e+00 0.000000000e+00 2.458363913e+01 0.000000000e+00
1.887215788e+02 2.142458812e+01 0.000000000e+00 0.000000000e+00 0.000000000e+00 2.142458812e+01 0.000000000e+00
2.000677676e+02 1.865630884e+01 0.000000000e+00 0.000000000e+00 0.000000000e+00 1.865630884e+01 0.000000000e+00
2.120961043e+02 1.596707720e+01 0.000000000e+00 0.000000000e+00 0.000000000e+00 1.596707720e+01 0.000000000e+00
2.248476003e+02 1.385142313e+01 0.000000000e+00 0.000000000e+00 0.000000000e+00 1.385142313e+01 0.000000000e+00
2.383657330e+02 1.195505843e+01 0.000000000e+00 0.000000000e+00 0.000000000e+00 1.195505843e+01 0.000000000e+00
2.526965935e+02 1.006899175e+01 0.000000000e+00 0.000000000e+00 0.000000000e+00 1.006899175e+01 0.000000000e+00
2.678890442e+02 8.587116195e+00 0.000000000e+00 0.000000000e+00 0.000000000e+00 8.587116195e+00 0.000000000e+00
2.839948849e+02 7.322561160e+00 0.000000000e+00 0.000000000e+00 0.000000000e+00 7.322561160e+00 0.000000000e+00
3.010690299e+02 6.037751809e+00 0.000000000e+00 0.000000000e+00 0.000000000e+00 6.037751809e+00 0.000000000e+00
3.191696949e+02 5.113652839e+00 0.000000000e+00 0.000000000e+00 0.000000000e+00 5.113652839e+00 0.000000000e+00
3.383585957e+02 4.274008894e+00 0.000000000e+00 0.000000000e+00 0.000000000e+00 4.274008894e+00 0.000000000e+00
3.587011583e+02 3.551705661e+00 0.000000000e+00 0.000000000e+00 0.000000000e+00 3.551705661e+00 0.000000000e+00
3.802667425e+02 2.959171653e+00 0.000000000e+00 0.000000000e+00 0.000000000e+00 2.959171653e+00 0.000000000e+00
4.031288779e+02 2.450154022e+00 0.000000000e+00 0.000000000e+00 0.000000000e+00 2.450154022e+00 0.000000000e+00
4.273655148e+02 2.004572406e+00 0.000000000e+00 0.000000000e+00 0.000000000e+00 2.004572406e+00 0.000000000e+00
4.530592901e+02 1.653807017e+00 0.000000000e+00 0.000000000e+00 0.000000000e+00 1.653807017e+00 0.000000000e+00
4.802978090e+02 1.383497669e+00 0.000000000e+00 0.000000000e+00 0.000000000e+00 1.383497669e+00 0.000000000e+00
5.091739433e+02 1.127774251e+00 0.000000000e+00 0.000000000e+00 0.000000000e+00 1.127774251e+00 0.000000000e+00
5.397861487e+02 9.248163073e-01 0.000000000e+00 0.000000000e+00 0.000000000e+00 9.248163073e-01 0.000000000e+00
5.722388000e+02 7.623702930e-01 0.000000000e+00 0.000000000e+00 0.000000000e+00 7.623702930e-01 0.000000000e+00
6.066425473e+02 6.180870475e-01 0.000000000e+00 0.000000000e+00 0.000000000e+00 6.180870475e-01 0.000000000e+00
6.431146930e+02 5.064877393e-01 0.000000000e+00 0.000000000e+00 0.000000000e+00 5.064877393e-01 0.000000000e+00
6.817795920e+02 4.125957892e-01 0.000000000e+00 0.000000000e+00 0.000000000e+00 4.125957892e-01 0.000000000e+00
7.227690754e+02 3.366613213e-01 0.000000000e+00 0.000000000e+00 0.000000000e+00 3.366613213e-01 0.000000000e+00
7.662229003e+02 2.705292468e-01 0.000000000e+00 0.000000000e+00 0.000000000e+00 2.705292468e-01 0.000000000e+00
8.122892262e+02 2.184772162e-01 0.000000000e+00 0.000000000e+00 0.000000000e+00 2.184772162e-01 0.000000000e+00
8.611251200e+02 1.782389029e-01 0.000000000e+00 0.000000000e+00 0.000000000e+00 1.782389029e-01 0.000000000e+00
9.128970918e+02 1.461954388e-01 0.000000000e+00 0.000000000e+00 0.000000000e+00 1.461954388e-01 0.000000000e+00
9.677816625e+02 1.167847359e-01 0.000000000e+00 0.000000000e+00 0.000000000e+00 1.167847359e-01 0.000000000e+00
1.025965966e+03 9.983283050e-02 0.000000000e+00 0.000000000e+00 0.000000000e+00 9.983283050e-02 0.000000000e+00
1.087648385e+03 8.995613536e-02 0.000000000e+00 0.000000000e+00 0.000000000e+00 8.995613536e-02 0.000000000e+00
1.153039233e+03 8.051314550e-02 0.000000000e+00 0.000000000e+00 0.000000000e+00 8.051314550e-02 0.000000000e+00
1.222361464e+03 7.278169642e-02 0.000000000e+00 0.000000000e+00 0.000000000e+00 7.278169642e-02 0.000000000e+00
1.295851439e+03 6.563858647e-02 0.000000000e+00 0.000000000e+00 0.000000000e+00 6.563858647e-02 0.000000000e+00
1.373759727e+03 5.929129817e-02 0.000000000e+00 0.000000000e+00 0.000000000e+00 5.929129817e-02 0.000000000e+00
1.456351964e+03 5.263933134e-02 0.000000000e+00 0.000000000e+00 0.000000000e+00 5.263933134e-02 0.000000000e+00
1.543909754e+03 4.790402900e-02 0.000000000e+00 0.000000000e+00 0.000000000e+00 4.790402900e-02 0.000000000e+00
1.636731634e+03 4.249329152e-02 0.000000000e+00 0.000000000e+00 0.000000000e+00 4.249329152e-02 0.000000000e+00
1.735134087e+03 3.860382605e-02 0.000000000e+00 0.000000000e+00 0.000000000e+00 3.860382605e-02 0.000000000e+00
1.839452624e+03 3.480975385e-02 0.000000000e+00 0.000000000e+00 0.000000000e+00 3.480975385e-02 0.000000000e+00
1.950042929e+03 3.113756028e-02 0.000000000e+00 0.000000000e+00 0.000000000e+00 3.113756028e-02 0.000000000e+00
2.067282068e+03 2.792529665e-02 0.000000000e+00 0.000000000e+00 0.000000000e+00 2.792529665e-02 0.000000000e+00
2.191569778e+03 2.485551412e-02 0.000000000e+00 0.000000000e+00 0.000000000e+00 2.485551412e-02 0.000000000e+00
2.323329827e+03 2.257955179e-02 0.000000000e+00 0.000000000e+00 0.000000000e+00 2.257955179e-02 0.000000000e+00
2.463011464e+03 1.983273638e-02 0.000000000e+00 0.000000000e+00 0.000000000e+00 1.983273638e-02 0.000000000e+00
2.611090944e+03 1.786082649e-02 0.000000000e+00 0.000000000e+00 0.000000000e+00 1.786082649e-02 0.000000000e+00
2.768073157e+03 1.597862159e-02 0.000000000e+00 0.000000000e+00 0.000000000e+00 1.597862159e-02 0.000000000e+00
2.934493346e+03 1.454636723e-02 0.000000000e+00 0.000000000e+00 0.000000000e+00 1.454636723e-02 0.000000000e+00
3.110918936e+03 1.284987759e-02 0.000000000e+00 0.000000000e+00 0.000000000e+00 1.284987759e-02 0.000000000e+00
3.297951463e+03 1.148935488e-02 0.000000000e+00 0.000000000e+00 0.000000000e+00 1.148935488e-02 0.000000000e+00
3.496228631e+03 1.025152391e-02 0.000000000e+00 0.000000000e+00 0.000000000e+00 1.025152391e-02 0.000000000e+00
3.706426483e+03 9.117900976e-03 0.000000000e+00 0.000000000e+00 0.000000000e+00 9.117900976e-03 0.000000000e+00
3.929261705e+03 8.205615801e-03 0.000000000e+00 0.000000000e+00 0.000000000e+00 8.205615801e-03 0.000000000e+00
4.165494073e+03 7.290392203e-03 0.000000000e+00 0.000000000e+00 0.000000000e+00 7.290392203e-03 0.000000000e+00
4.415929040e+03 6.576265786e-03 0.000000000e+00 0.000000000e+00 0.000000000e+00 6.576265786e-03 0.000000000e+00
4.681420487e+03 5.801612670e-03 0.000000000e+00 0.000000000e+00 0.000000000e+00 5.801612670e-03 0.000000000e+00
4.962873628e+03 5.235277010e-03 0.000000000e+00 0.000000000e+00 0.000000000e+00 5.235277010e-03 0.000000000e+00
5.261248100e+03 4.649192222e-03 0.000000000e+00 0.000000000e+00 0.000000000e+00 4.649192222e-03 0.000000000e+00
5.577561237e+03 4.111953119e-03 0.000000000e+00 0.000000000e+00 0.000000000e+00 4.111953119e-03 0.000000000e+00
5.912891535e+03 3.681698463e-03 0.000000000e+00 0.000000000e+00 0.000000000e+00 3.681698463e-03 0.000000000e+00
6.268382331e+03 3.281608096e-03 0.000000000e+00 0.000000000e+00 0.000000000e+00 3.281608096e-03 0.000000000e+00
6.645245699e+03 2.904797747e-03 0.000000000e+00 0.000000000e+00 0.000000000e+00 2.904797747e-03 0.000000000e+00
7.044766588e+03 2.618690244e-03 0.000000000e+00 0.000000000e+00 0.000000000e+00 2.618690244e-03 0.000000000e+00
7.468307196e+03 2.351839331e-03 0.000000000e+00 0.000000000e+00 0.000000000e+00 2.351839331e-03 0.000000000e+00
7.917311621e+03 2.073115224e-03 0.000000000e+00 0.000000000e+00 0.000000000e+00 2.073115224e-03 0.000000000e+00
8.393310782e+03 1.840547352e-03 0.000000000e+00 0.000000000e+00 0.000000000e+00 1.840547352e-03 0.000000000e+00
8.897927636e+03 1.663034995e-03 0.000000000e+00 0.000000000e+00 0.000000000e+00 1.663034995e-03 0.000000000e+00
9.432882717e+03 1.474855196e-03 0.000000000e+00 0.000000000e+00 0.000000000e+00 1.474855196e-03 0.000000000e+00
1.000000000e+04 1.187509177e-03 0.000000000e+00 0.000000000e+00 0.000000000e+00 1.187509177e-03 0.000000000e+00
