# column 1: wavelength (micron)
# column 2: total flux; F_nu (Jy)
# column 3: transparent flux; F_nu (Jy)
# column 4: direct primary flux; F_nu (Jy)
# column 5: scattered primary flux; F_nu (Jy)
# column 6: direct secondary flux; F_nu (Jy)
# column 7: scattered secondary flux; F_nu (Jy)
9.000000000e-02 1.082313991e-03 3.373836403e-02 9.167132443e-04 1.656007472e-04 0.000000000e+00 0.000000000e+00
9.541091806e-02 6.168877195e-03 1.750938374e-01 5.148997778e-03 1.019879417e-03 0.000000000e+00 0.000000000e+00
1.011471476e-01 8.890626021e-03 2.093062487e-01 7.161018996e-03 1.729607025e-03 0.000000000e+00 0.000000000e+00
1.072282468e-01 1.235631394e-02 2.378099124e-01 9.499483199e-03 2.856830740e-03 0.000000000e+00 0.000000000e+00
1.136749497e-01 1.440015875e-02 2.379618717e-01 1.062215032e-02 3.778008425e-03 0.000000000e+00 0.000000000e+00
1.205092367e-01 1.372060321e-02 1.990508404e-01 9.939048106e-03 3.781555102e-03 0.000000000e+00 0.000000000e+00
1.277544101e-01 1.720324559e-02 2.302365089e-01 1.213242626e-02 5.070819325e-03 0.000000000e+00 0.000000000e+00
1.354351729e-01 1.827295080e-02 2.337697691e-01 1.268188616e-02 5.591064643e-03 0.000000000e+00 0.000000000e+00
1.435777131e-01 1.845445591e-02 2.232189650e-01 1.256789456e-02 5.886561345e-03 0.000000000e+00 0.000000000e+00
1.522097936e-01 1.870719538e-02 2.168211036e-01 1.278713782e-02 5.920057561e-03 0.000000000e+00 0.000000000e+00
1.613608460e-01 1.820934573e-02 2.100439648e-01 1.251125486e-02 5.698090872e-03 0.000000000e+00 0.000000000e+00
1.710620718e-01 1.781572770e-02 2.068653966e-01 1.203840212e-02 5.777325578e-03 0.000000000e+00 0.000000000e+00
1.813465479e-01 1.598245965e-02 2.030469502e-01 1.086724692e-02 5.115212724e-03 0.000000000e+00 0.000000000e+00
1.922493402e-01 1.357834534e-02 1.959432635e-01 9.346629873e-03 4.231715464e-03 0.000000000e+00 0.000000000e+00
2.038076228e-01 1.107307673e-02 1.891521841e-01 7.812384404e-03 3.260692329e-03 0.000000000e+00 0.000000000e+00
2.160608044e-01 1.097966585e-02 1.879599459e-01 7.646696977e-03 3.332968868e-03 0.000000000e+00 0.000000000e+00
2.290506634e-01 1.235511645e-02 1.784533161e-01 7.880410283e-03 4.474706169e-03 0.000000000e+00 0.000000000e+00
2.428214897e-01 1.422126388e-02 1.708165985e-01 8.323982113e-03 5.897281764e-03 0.000000000e+00 0.000000000e+00
2.574202362e-01 1.599870433e-02 1.675864469e-01 8.679507006e-03 7.319197323e-03 0.000000000e+00 0.000000000e+00
2.728966785e-01 1.771158417e-02 1.661884090e-01 9.122153941e-03 8.589430229e-03 0.000000000e+00 0.000000000e+00
2.893035848e-01 1.866516744e-02 1.675787164e-01 9.434064910e-03 9.231102532e-03 0.000000000e+00 0.000000000e+00
3.066968958e-01 1.952545318e-02 1.693169292e-01 9.760964545e-03 9.764488640e-03 0.000000000e+00 0.000000000e+00
3.251359155e-01 2.007162964e-02 1.681701427e-01 9.646055398e-03 1.042557424e-02 0.000000000e+00 0.000000000e+00
3.446835132e-01 2.091645687e-02 1.690851564e-01 9.940577767e-03 1.097587910e-02 0.000000000e+00 0.000000000e+00
3.654063382e-01 2.238442659e-02 1.792098998e-01 1.056275666e-02 1.182166993e-02 0.000000000e+00 0.000000000e+00
3.873750465e-01 3.486402218e-02 2.748157039e-01 1.611155080e-02 1.875247138e-02 0.000000000e+00 0.000000000e+00
4.106645425e-01 4.271557346e-02 3.285000048e-01 1.965616458e-02 2.305940888e-02 0.000000000e+00 0.000000000e+00
4.353542335e-01 4.255387049e-02 3.180763244e-01 1.929029379e-02 2.326357670e-02 0.000000000e+00 0.000000000e+00
4.615283011e-01 4.564732595e-02 3.330575363e-01 2.029686768e-02 2.535045827e-02 0.000000000e+00 0.000000000e+00
4.892759879e-01 4.445360411e-02 3.186148633e-01 1.982760411e-02 2.462600000e-02 0.000000000e+00 0.000000000e+00
5.186919022e-01 4.604957841e-02 3.213517565e-01 2.060810409e-02 2.544147432e-02 0.000000000e+00 0.000000000e+00
5.498763397e-01 4.732418413e-02 3.225224644e-01 2.103728841e-02 2.628689572e-02 0.000000000e+00 0.000000000e+00
5.829356266e-01 4.967481108e-02 3.249762374e-01 2.203614810e-02 2.763866299e-02 0.000000000e+00 0.000000000e+00
6.179824811e-01 5.113073419e-02 3.275051007e-01 2.271651612e-02 2.841421808e-02 0.000000000e+00 0.000000000e+00
6.551363985e-01 5.168970857e-02 3.233908889e-01 2.274662403e-02 2.894308454e-02 0.000000000e+00 0.000000000e+00
6.945240582e-01 5.544660078e-02 3.298929588e-01 2.465796785e-02 3.078863293e-02 0.000000000e+00 0.000000000e+00
7.362797556e-01 5.805025959e-02 3.293800233e-01 2.560247922e-02 3.244778037e-02 0.000000000e+00 0.000000000e+00
7.805458603e-01 6.055174695e-02 3.290030833e-01 2.715669939e-02 3.339504756e-02 0.000000000e+00 0.000000000e+00
8.274733014e-01 6.158000971e-02 3.251190318e-01 2.746960476e-02 3.411040495e-02 0.000000000e+00 0.000000000e+00
8.772220817e-01 6.437889653e-02 3.260960479e-01 2.889396262e-02 3.548493391e-02 0.000000000e+00 0.000000000e+00
9.299618239e-01 6.678598840e-02 3.281376425e-01 3.035444568e-02 3.643154272e-02 0.000000000e+00 0.000000000e+00
9.858723487e-01 6.969086159e-02 3.220341049e-01 3.221860037e-02 3.747226122e-02 1.004662735e-109 9.455287880e-109
1.045144288e+00 6.971211466e-02 3.090249254e-01 3.292129855e-02 3.679081611e-02 1.533573166e-103 9.421503684e-103
1.107979733e+00 6.966819202e-02 2.934400382e-01 3.339085774e-02 3.627733428e-02 4.446826277e-98 8.707339077e-98
1.174592928e+00 6.928988829e-02 2.832824011e-01 3.363866565e-02 3.565122264e-02 4.590891177e-91 1.112768540e-90
1.245210996e+00 7.027581936e-02 2.750099475e-01 3.516029660e-02 3.511552276e-02 1.332535949e-86 6.405002645e-87
1.320074714e+00 7.239544734e-02 2.684132233e-01 3.737503648e-02 3.502041085e-02 1.382526526e-80 1.221726536e-80
1.399439338e+00 7.543419708e-02 2.635128625e-01 4.021375232e-02 3.522044475e-02 3.291133581e-76 1.873643245e-76
1.483575466e+00 7.853195515e-02 2.612089087e-01 4.307178272e-02 3.546017243e-02 1.861554623e-71 1.480347560e-71
1.572769969e+00 8.253853639e-02 2.611634712e-01 4.688177326e-02 3.565676313e-02 1.843719170e-68 1.588023663e-68
1.667326963e+00 8.789289017e-02 2.629048238e-01 5.115065576e-02 3.674223441e-02 5.724576915e-63 5.891190532e-63
1.767568847e+00 8.691701695e-02 2.481974176e-01 5.271592658e-02 3.420109037e-02 9.975567885e-60 1.466786138e-60
1.873837405e+00 8.599056285e-02 2.299735756e-01 5.399969018e-02 3.199087267e-02 6.320031637e-56 1.101295238e-56
1.986494968e+00 8.666547797e-02 2.178247190e-01 5.647391551e-02 3.019156247e-02 5.919073135e-53 3.577752981e-53
2.105925651e+00 8.429301290e-02 2.014852063e-01 5.677841246e-02 2.751460045e-02 3.902655250e-50 2.668481613e-50
2.232536664e+00 7.917933836e-02 1.795262757e-01 5.511748179e-02 2.406185657e-02 1.158719590e-46 4.713914079e-47
2.366759696e+00 7.620697984e-02 1.647732041e-01 5.471874256e-02 2.148823728e-02 3.791934629e-44 1.139385744e-44
2.509052394e+00 6.888784593e-02 1.411477080e-01 5.118858013e-02 1.769926580e-02 8.661732336e-41 3.193565554e-41
2.659899915e+00 7.200071043e-02 1.382072831e-01 5.531832425e-02 1.668238618e-02 6.327850779e-39 1.591359124e-39
2.819816587e+00 7.235032817e-02 1.343210675e-01 5.722826175e-02 1.512206642e-02 3.458583149e-36 6.373613051e-37
2.989347660e+00 6.403239257e-02 1.122233941e-01 5.223855154e-02 1.179384102e-02 6.232612751e-34 1.179524878e-34
3.169071162e+00 6.093602850e-02 1.020109315e-01 5.101465822e-02 9.921370285e-03 5.301805120e-32 9.525356547e-33
3.359599877e+00 6.202235900e-02 9.942271430e-02 5.324647136e-02 8.775887643e-03 8.626196802e-30 1.415645436e-30
3.561583429e+00 6.059063607e-02 9.336002231e-02 5.325170615e-02 7.338929925e-03 3.592434966e-28 4.623118400e-29
3.775710497e+00 5.360698407e-02 8.014303568e-02 4.802450510e-02 5.582478976e-03 3.247793841e-26 3.457808958e-27
4.002711165e+00 5.094559341e-02 7.351947124e-02 4.648749243e-02 4.458100981e-03 1.314078560e-24 1.295019103e-25
4.243359411e+00 4.980694184e-02 6.942551902e-02 4.610883231e-02 3.698109533e-03 4.810266781e-23 3.614372484e-24
4.498475745e+00 4.324028528e-02 5.867263737e-02 4.060396985e-02 2.636315431e-03 1.801067602e-21 1.046343496e-22
4.768930007e+00 3.909732985e-02 5.153981309e-02 3.709786328e-02 1.999466566e-03 4.730172441e-20 2.263824604e-21
5.055644335e+00 3.650122806e-02 4.695118135e-02 3.498805142e-02 1.513176641e-03 1.034027697e-18 4.305947321e-20
5.359596304e+00 3.476550453e-02 4.377790312e-02 3.359061197e-02 1.174892555e-03 1.922621371e-17 6.783169204e-19
5.681822265e+00 3.225715896e-02 3.981859096e-02 3.137594737e-02 8.812115917e-04 3.023562248e-16 7.853209168e-18
6.023420872e+00 3.015934375e-02 3.665614644e-02 2.949515476e-02 6.641889974e-04 4.029620781e-15 8.804862686e-17
6.385556837e+00 2.721992693e-02 3.258151692e-02 2.674577008e-02 4.741568437e-04 4.670690621e-14 8.094933284e-16
6.769464890e+00 2.478581120e-02 2.924508712e-02 2.444402173e-02 3.417894704e-04 4.761173932e-13 6.445015518e-15
7.176453999e+00 2.261643732e-02 2.645053261e-02 2.236992361e-02 2.465137152e-04 4.321178814e-12 4.707235522e-14
7.607911827e+00 1.999283220e-02 2.356705559e-02 1.982604180e-02 1.667903716e-04 3.329120342e-11 2.751056223e-13
8.065309466e+00 1.722939504e-02 2.156617374e-02 1.712070231e-02 1.086924819e-04 2.414603175e-10 1.485736166e-12
8.550206451e+00 1.400444841e-02 1.945606579e-02 1.393805514e-02 6.639177673e-05 1.487485960e-09 7.001444343e-12
9.064256079e+00 1.160175835e-02 1.792182128e-02 1.155777644e-02 4.397304000e-05 8.833548580e-09 3.312072261e-11
9.609211044e+00 1.004661245e-02 1.646958064e-02 1.001367120e-02 3.289286385e-05 4.822426969e-08 1.608421151e-10
1.018692942e+01 9.564961128e-03 1.487470551e-02 9.537308047e-03 2.740510949e-05 2.472548140e-07 7.168868380e-10
1.079938098e+01 8.910461623e-03 1.283397167e-02 8.887392036e-03 2.201143448e-05 1.055529531e-06 2.623177429e-09
1.144865393e+01 8.305619232e-03 1.117067976e-02 8.284417232e-03 1.694127886e-05 4.252052032e-06 8.669223335e-09
1.213696202e+01 7.805398116e-03 9.830674621e-03 7.776883483e-03 1.283741971e-05 1.565164019e-05 2.557262388e-08
1.286665210e+01 7.053499225e-03 8.445015600e-03 6.992201483e-03 9.086483133e-06 5.214347320e-05 6.778521555e-08
1.364021210e+01 6.494373609e-03 7.391862133e-03 6.325189835e-03 6.332000150e-06 1.626891975e-04 1.625762395e-07
1.446027954e+01 5.944464883e-03 6.278171565e-03 5.433469183e-03 4.109720569e-06 5.065037223e-04 3.822574907e-07
1.532965052e+01 6.252000878e-03 5.552296144e-03 4.737683829e-03 2.752945556e-06 1.510688820e-03 8.752843025e-07
1.625128922e+01 8.380052995e-03 4.834066533e-03 4.057632185e-03 1.829392490e-06 4.318619528e-03 1.971889238e-06
1.722833804e+01 1.538157075e-02 4.192917556e-03 3.459627530e-03 1.259522966e-06 1.191631292e-02 4.370769234e-06
1.826412832e+01 3.291846094e-02 3.639635111e-03 2.975988553e-03 8.959927720e-07 2.993241082e-02 9.165572019e-06
1.936219168e+01 7.134681286e-02 3.175929049e-03 2.614193518e-03 6.635863018e-07 6.871459022e-02 1.736552774e-05
2.052627204e+01 1.469941560e-01 2.785203616e-03 2.338857602e-03 4.793063134e-07 1.446249252e-01 2.989382875e-05
2.176033844e+01 2.952180600e-01 2.440630787e-03 2.076246902e-03 3.367183593e-07 2.930937815e-01 4.769487247e-05
2.306859853e+01 5.726207565e-01 2.226344055e-03 1.924003086e-03 2.386125213e-07 5.706255744e-01 7.094045569e-05
2.445551294e+01 1.054560586e+00 1.958910109e-03 1.711540269e-03 1.584762104e-07 1.052752140e+00 9.674733390e-05
2.592581045e+01 1.866599598e+00 1.760769947e-03 1.555312880e-03 1.011468031e-07 1.864923771e+00 1.204128652e-04
2.748450419e+01 3.210183957e+00 1.570303261e-03 1.399300834e-03 5.817034529e-08 3.208656188e+00 1.284103341e-04
2.913690863e+01 5.218857543e+00 1.375157925e-03 1.235085049e-03 2.698483631e-08 5.217517150e+00 1.052801324e-04
3.088865780e+01 8.194659410e+00 1.246466930e-03 1.128470783e-03 8.934679914e-09 8.193477323e+00 5.360699894e-05
3.274572442e+01 1.253478551e+01 1.094040863e-03 9.967364007e-04 9.718463363e-10 1.253377978e+01 8.995386972e-06
3.471444033e+01 1.815862075e+01 9.849116125e-04 9.027021484e-04 1.034115593e-11 1.815771776e+01 2.906807132e-07
3.680151802e+01 2.539431403e+01 8.739212103e-04 8.058835890e-04 0.000000000e+00 2.539350815e+01 0.000000000e+00
3.901407356e+01 3.439436118e+01 7.754105193e-04 7.204722818e-04 0.000000000e+00 3.439364071e+01 0.000000000e+00
4.135965084e+01 4.479880299e+01 6.904541186e-04 6.455167551e-04 0.000000000e+00 4.479815747e+01 0.000000000e+00
4.384624730e+01 5.654779651e+01 6.116989291e-04 5.754327886e-04 0.000000000e+00 5.654722108e+01 0.000000000e+00
4.648234121e+01 6.900100317e+01 5.489012579e-04 5.191749590e-04 0.000000000e+00 6.900048400e+01 0.000000000e+00
4.927692053e+01 8.221269204e+01 4.905522450e-04 4.667743827e-04 0.000000000e+00 8.221222527e+01 0.000000000e+00
5.223951363e+01 9.443618990e+01 4.329785404e-04 4.140807685e-04 0.000000000e+00 9.443577582e+01 0.000000000e+00
5.538022172e+01 1.059183607e+02 3.896243976e-04 3.742215337e-04 0.000000000e+00 1.059179865e+02 0.000000000e+00
5.870975330e+01 1.163980502e+02 3.465964817e-04 3.343737041e-04 0.000000000e+00 1.163977158e+02 0.000000000e+00
6.223946068e+01 1.252603871e+02 3.057804839e-04 2.962493955e-04 0.000000000e+00 1.252600909e+02 0.000000000e+00
6.598137870e+01 1.316699404e+02 2.715746189e-04 2.640522020e-04 0.000000000e+00 1.316696763e+02 0.000000000e+00
6.994826574e+01 1.358715557e+02 2.473954687e-04 2.412868382e-04 0.000000000e+00 1.358713144e+02 0.000000000e+00
7.415364723e+01 1.382331429e+02 2.177112765e-04 2.129711126e-04 0.000000000e+00 1.382329299e+02 0.000000000e+00
7.861186177e+01 1.378416998e+02 1.932529411e-04 1.895601785e-04 0.000000000e+00 1.378415102e+02 0.000000000e+00
8.333811002e+01 1.348033723e+02 1.722187569e-04 1.693103725e-04 0.000000000e+00 1.348032030e+02 0.000000000e+00
8.834850651e+01 1.301989843e+02 1.513098088e-04 1.490498637e-04 0.000000000e+00 1.301988353e+02 0.000000000e+00
9.366013462e+01 1.245401535e+02 1.350888286e-04 1.333018752e-04 0.000000000e+00 1.245400202e+02 0.000000000e+00
9.929110477e+01 1.175053669e+02 7.757638729e-05 7.665327590e-05 0.000000000e+00 1.175052902e+02 0.000000000e+00
1.052606162e+02 1.098834038e+02 0.000000000e+00 0.000000000e+00 0.000000000e+00 1.098834038e+02 0.000000000e+00
1.115890226e+02 1.019553443e+02 0.000000000e+00 0.000000000e+00 0.000000000e+00 1.019553443e+02 0.000000000e+00
1.182979010e+02 9.337150943e+01 0.000000000e+00 0.000000000e+00 0.000000000e+00 9.337150943e+01 0.000000000e+00
1.254101260e+02 8.581641728e+01 0.000000000e+00 0.000000000e+00 0.000000000e+00 8.581641728e+01 0.000000000e+00
1.329499472e+02 7.842991784e+01 0.000000000e+00 0.000000000e+00 0.000000000e+00 7.842991784e+01 0.000000000e+00
1.409430725e+02 7.066304613e+01 0.000000000e+00 0.000000000e+00 0.000000000e+00 7.066304613e+01 0.000000000e+00
1.494167549e+02 6.140001672e+01 0.000000000e+00 0.000000000e+00 0.000000000e+00 6.140001672e+01 0.000000000e+00
1.583998862e+02 5.316396224e+01 0.000000000e+00 0.000000000e+00 0.000000000e+00 5.316396224e+01 0.000000000e+00
1.679230951e+02 4.575964965e+01 0.000000000e+00 0.000000000e+00 0.000000000e+00 4.575964965e+01 0.000000000e+00
1.780188519e+02 3.944510243e+01 0.000000000e+00 0.000000000e+00 0.000000000e+00 3.944510243e+01 0.000000000e+00
1.887215788e+02 3.395191712e+01 0.000000000e+00 0.000000000e+00 0.000000000e+00 3.395191712e+01 0.000000000e+00
2.000677676e+02 2.904532097e+01 0.000000000e+00 0.000000000e+00 0.000000000e+00 2.904532097e+01 0.000000000e+00
2.120961043e+02 2.442388078e+01 0.000000000e+00 0.000000000e+00 0.000000000e+00 2.442388078e+01 0.000000000e+00
2.248476003e+02 2.082342810e+01 0.000000000e+00 0.000000000e+00 0.000000000e+00 2.082342810e+01 0.000000000e+00
2.383657330e+02 1.770183354e+01 0.000000000e+00 0.000000000e+00 0.000000000e+00 1.770183354e+01 0.000000000e+00
2.526965935e+02 1.489032354e+01 0.000000000e+00 0.000000000e+00 0.000000000e+00 1.489032354e+01 0.000000000e+00
2.678890442e+02 1.242099589e+01 0.000000000e+00 0.000000000e+00 0.000000000e+00 1.242099589e+01 0.000000000e+00
2.839948849e+02 1.038184303e+01 0.000000000e+00 0.000000000e+00 0.000000000e+00 1.038184303e+01 0.000000000e+00
3.010690299e+02 8.666290519e+00 0.000000000e+00 0.000000000e+00 0.000000000e+00 8.666290519e+00 0.000000000e+00
3.191696949e+02 7.187712399e+00 0.000000000e+00 0.000000000e+00 0.000000000e+00 7.187712399e+00 0.000000000e+00
3.383585957e+02 5.859909295e+00 0.000000000e+00 0.000000000e+00 0.000000000e+00 5.859909295e+00 0.000000000e+00
3.587011583e+02 4.911508943e+00 0.000000000e+00 0.000000000e+00 0.000000000e+00 4.911508943e+00 0.000000000e+00
3.802667425e+02 4.028925389e+00 0.000000000e+00 0.000000000e+00 0.000000000e+00 4.028925389e+00 0.000000000e+00
4.031288779e+02 3.285976981e+00 0.000000000e+00 0.000000000e+00 0.000000000e+00 3.285976981e+00 0.000000000e+00
4.273655148e+02 2.725911369e+00 0.000000000e+00 0.000000000e+00 0.000000000e+00 2.725911369e+00 0.000000000e+00
4.530592901e+02 2.225914971e+00 0.000000000e+00 0.000000000e+00 0.000000000e+00 2.225914971e+00 0.000000000e+00
4.802978090e+02 1.802459904e+00 0.000000000e+00 0.000000000e+00 0.000000000e+00 1.802459904e+00 0.000000000e+00
5.091739433e+02 1.485625462e+00 0.000000000e+00 0.000000000e+00 0.000000000e+00 1.485625462e+00 0.000000000e+00
5.397861487e+02 1.207335760e+00 0.000000000e+00 0.000000000e+00 0.000000000e+00 1.207335760e+00 0.000000000e+00
5.722388000e+02 9.918448330e-01 0.000000000e+00 0.000000000e+00 0.000000000e+00 9.918448330e-01 0.000000000e+00
6.066425473e+02 8.070614916e-01 0.000000000e+00 0.000000000e+00 0.000000000e+00 8.070614916e-01 0.000000000e+00
6.431146930e+02 6.480247673e-01 0.000000000e+00 0.000000000e+00 0.000000000e+00 6.480247673e-01 0.000000000e+00
6.817795920e+02 5.225515233e-01 0.000000000e+00 0.000000000e+00 0.000000000e+00 5.225515233e-01 0.000000000e+00
7.227690754e+02 4.279622173e-01 0.000000000e+00 0.000000000e+00 0.000000000e+00 4.279622173e-01 0.000000000e+00
7.662229003e+02 3.416938431e-01 0.000000000e+00 0.000000000e+00 0.000000000e+00 3.416938431e-01 0.000000000e+00
8.122892262e+02 2.795347620e-01 0.000000000e+00 0.000000000e+00 0.000000000e+00 2.795347620e-01 0.000000000e+00
8.611251200e+02 2.282481274e-01 0.000000000e+00 0.000000000e+00 0.000000000e+00 2.282481274e-01 0.000000000e+00
9.128970918e+02 1.825824537e-01 0.000000000e+00 0.000000000e+00 0.000000000e+00 1.825824537e-01 0.000000000e+00
9.677816625e+02 1.478869040e-01 0.000000000e+00 0.000000000e+00 0.000000000e+00 1.478869040e-01 0.000000000e+00
1.025965966e+03 1.244669850e-01 0.000000000e+00 0.000000000e+00 0.000000000e+00 1.244669850e-01 0.000000000e+00
1.087648385e+03 1.126197002e-01 0.000000000e+00 0.000000000e+00 0.000000000e+00 1.126197002e-01 0.000000000e+00
1.153039233e+03 1.011141433e-01 0.000000000e+00 0.000000000e+00 0.000000000e+00 1.011141433e-01 0.000000000e+00
1.222361464e+03 9.083768301e-02 0.000000000e+00 0.000000000e+00 0.000000000e+00 9.083768301e-02 0.000000000e+00
1.295851439e+03 8.134707880e-02 0.000000000e+00 0.000000000e+00 0.000000000e+00 8.134707880e-02 0.000000000e+00
1.373759727e+03 7.431861997e-02 0.000000000e+00 0.000000000e+00 0.000000000e+00 7.431861997e-02 0.000000000e+00
1.456351964e+03 6.631824765e-02 0.000000000e+00 0.000000000e+00 0.000000000e+00 6.631824765e-02 0.000000000e+00
1.543909754e+03 5.884510788e-02 0.000000000e+00 0.000000000e+00 0.000000000e+00 5.884510788e-02 0.000000000e+00
1.636731634e+03 5.277291170e-02 0.000000000e+00 0.000000000e+00 0.000000000e+00 5.277291170e-02 0.000000000e+00
1.735134087e+03 4.776564195e-02 0.000000000e+00 0.000000000e+00 0.000000000e+00 4.776564195e-02 0.000000000e+00
1.839452624e+03 4.234543626e-02 0.000000000e+00 0.000000000e+00 0.000000000e+00 4.234543626e-02 0.000000000e+00
1.950042929e+03 3.839678616e-02 0.000000000e+00 0.000000000e+00 0.000000000e+00 3.839678616e-02 0.000000000e+00
2.067282068e+03 3.395236907e-02 0.000000000e+00 0.000000000e+00 0.000000000e+00 3.395236907e-02 0.000000000e+00
2.191569778e+03 3.052473574e-02 0.000000000e+00 0.000000000e+00 0.000000000e+00 3.052473574e-02 0.000000000e+00
2.323329827e+03 2.715068577e-02 0.000000000e+00 0.000000000e+00 0.000000000e+00 2.715068577e-02 0.000000000e+00
2.463011464e+03 2.465152340e-02 0.000000000e+00 0.000000000e+00 0.000000000e+00 2.465152340e-02 0.000000000e+00
2.611090944e+03 2.178707064e-02 0.000000000e+00 0.000000000e+00 0.000000000e+00 2.178707064e-02 0.000000000e+00
2.768073157e+03 1.949923138e-02 0.000000000e+00 0.000000000e+00 0.000000000e+00 1.949923138e-02 0.000000000e+00
2.934493346e+03 1.752009932e-02 0.000000000e+00 0.000000000e+00 0.000000000e+00 1.752009932e-02 0.000000000e+00
3.110918936e+03 1.573258195e-02 0.000000000e+00 0.000000000e+00 0.000000000e+00 1.573258195e-02 0.000000000e+00
3.297951463e+03 1.408436381e-02 0.000000000e+00 0.000000000e+00 0.000000000e+00 1.408436381e-02 0.000000000e+00
3.496228631e+03 1.239853358e-02 0.000000000e+00 0.000000000e+00 0.000000000e+00 1.239853358e-02 0.000000000e+00
3.706426483e+03 1.128516262e-02 0.000000000e+00 0.000000000e+00 0.000000000e+00 1.128516262e-02 0.000000000e+00
3.929261705e+03 9.938193633e-03 0.000000000e+00 0.000000000e+00 0.000000000e+00 9.938193633e-03 0.000000000e+00
4.165494073e+03 8.880407158e-03 0.000000000e+00 0.000000000e+00 0.000000000e+00 8.880407158e-03 0.000000000e+00
4.415929040e+03 7.796093847e-03 0.000000000e+00 0.000000000e+00 0.000000000e+00 7.796093847e-03 0.000000000e+00
4.681420487e+03 7.107900392e-03 0.000000000e+00 0.000000000e+00 0.000000000e+00 7.107900392e-03 0.000000000e+00
4.962873628e+03 6.262770606e-03 0.000000000e+00 0.000000000e+00 0.000000000e+00 6.262770606e-03 0.000000000e+00
5.261248100e+03 5.544963093e-03 0.000000000e+00 0.000000000e+00 0.000000000e+00 5.544963093e-03 0.000000000e+00
5.577561237e+03 4.941868737e-03 0.000000000e+00 0.000000000e+00 0.000000000e+00 4.941868737e-03 0.000000000e+00
5.912891535e+03 4.438361542e-03 0.000000000e+00 0.000000000e+00 0.000000000e+00 4.438361542e-03 0.000000000e+00
6.268382331e+03 4.011700873e-03 0.000000000e+00 0.000000000e+00 0.000000000e+00 4.011700873e-03 0.000000000e+00
6.645245699e+03 3.597445968e-03 0.000000000e+00 0.000000000e+00 0.000000000e+00 3.597445968e-03 0.000000000e+00
7.044766588e+03 3.159231725e-03 0.000000000e+00 0.000000000e+00 0.000000000e+00 3.159231725e-03 0.000000000e+00
7.468307196e+03 2.841926213e-03 0.000000000e+00 0.000000000e+00 0.000000000e+00 2.841926213e-03 0.000000000e+00
7.917311621e+03 2.512924384e-03 0.000000000e+00 0.000000000e+00 0.000000000e+00 2.512924384e-03 0.000000000e+00
8.393310782e+03 2.229669574e-03 0.000000000e+00 0.000000000e+00 0.000000000e+00 2.229669574e-03 0.000000000e+00
8.897927636e+03 1.983789834e-03 0.000000000e+00 0.000000000e+00 0.000000000e+00 1.983789834e-03 0.000000000e+00
9.432882717e+03 1.793730308e-03 0.000000000e+00 0.000000000e+00 0.000000000e+00 1.793730308e-03 0.000000000e+00
1.000000000e+04 1.434108073e-03 0.000000000e+00 0.000000000e+00 0.000000000e+00 1.434108073e-03 0.000000000e+00
