# column 1: wavelength (micron)
# column 2: total flux; F_nu (Jy)
# column 3: transparent flux; F_nu (Jy)
# column 4: direct primary flux; F_nu (Jy)
# column 5: scattered primary flux; F_nu (Jy)
# column 6: direct secondary flux; F_nu (Jy)
# column 7: scattered secondary flux; F_nu (Jy)
9.000000000e-02 1.946255661e-03 3.380986100e-02 1.635206230e-03 3.110494310e-04 0.000000000e+00 0.000000000e+00
9.541091806e-02 1.118653181e-02 1.754090168e-01 9.256445119e-03 1.930086690e-03 0.000000000e+00 0.000000000e+00
1.011471476e-01 1.568355542e-02 2.089119977e-01 1.258975714e-02 3.093798286e-03 0.000000000e+00 0.000000000e+00
1.072282468e-01 2.184402099e-02 2.376781987e-01 1.669978968e-02 5.144231312e-03 0.000000000e+00 0.000000000e+00
1.136749497e-01 2.587437384e-02 2.381415243e-01 1.914547278e-02 6.728901063e-03 0.000000000e+00 0.000000000e+00
1.205092367e-01 2.438505892e-02 1.994845423e-01 1.759138099e-02 6.793677936e-03 0.000000000e+00 0.000000000e+00
1.277544101e-01 3.048344512e-02 2.304077601e-01 2.160525475e-02 8.878190364e-03 0.000000000e+00 0.000000000e+00
1.354351729e-01 3.269755041e-02 2.336104452e-01 2.281906804e-02 9.878482368e-03 0.000000000e+00 0.000000000e+00
1.435777131e-01 3.338979619e-02 2.242710356e-01 2.300671396e-02 1.038308222e-02 0.000000000e+00 0.000000000e+00
1.522097936e-01 3.405543334e-02 2.173855905e-01 2.349881482e-02 1.055661852e-02 0.000000000e+00 0.000000000e+00
1.613608460e-01 3.328004299e-02 2.103261276e-01 2.286218441e-02 1.041785859e-02 0.000000000e+00 0.000000000e+00
1.710620718e-01 3.182533423e-02 2.068881636e-01 2.169540417e-02 1.012993006e-02 0.000000000e+00 0.000000000e+00
1.813465479e-01 2.914992379e-02 2.035997912e-01 1.990111311e-02 9.248810679e-03 0.000000000e+00 0.000000000e+00
1.922493402e-01 2.453952515e-02 1.964830761e-01 1.704513356e-02 7.494391585e-03 0.000000000e+00 0.000000000e+00
2.038076228e-01 1.992048879e-02 1.881930914e-01 1.402947065e-02 5.891018133e-03 0.000000000e+00 0.000000000e+00
2.160608044e-01 1.940213720e-02 1.865506642e-01 1.345928120e-02 5.942855996e-03 0.000000000e+00 0.000000000e+00
2.290506634e-01 2.237304265e-02 1.787457736e-01 1.438522544e-02 7.987817208e-03 0.000000000e+00 0.000000000e+00
2.428214897e-01 2.615939125e-02 1.690617208e-01 1.525743545e-02 1.090195579e-02 0.000000000e+00 0.000000000e+00
2.574202362e-01 2.959159668e-02 1.666484922e-01 1.622253050e-02 1.336906618e-02 0.000000000e+00 0.000000000e+00
2.728966785e-01 3.218293474e-02 1.670515708e-01 1.681820041e-02 1.536473433e-02 0.000000000e+00 0.000000000e+00
2.893035848e-01 3.375639819e-02 1.674640798e-01 1.728940820e-02 1.646698999e-02 0.000000000e+00 0.000000000e+00
3.066968958e-01 3.563811710e-02 1.688411944e-01 1.793130820e-02 1.770680890e-02 0.000000000e+00 0.000000000e+00
3.251359155e-01 3.651223968e-02 1.682852390e-01 1.800777151e-02 1.850446817e-02 0.000000000e+00 0.000000000e+00
3.446835132e-01 3.800439169e-02 1.697336810e-01 1.837442936e-02 1.962996233e-02 0.000000000e+00 0.000000000e+00
3.654063382e-01 4.106078290e-02 1.790208754e-01 1.969469997e-02 2.136608293e-02 0.000000000e+00 0.000000000e+00
3.873750465e-01 6.362785984e-02 2.747219692e-01 3.004347078e-02 3.358438906e-02 0.000000000e+00 0.000000000e+00
4.106645425e-01 7.877150668e-02 3.292772791e-01 3.733308336e-02 4.143842333e-02 0.000000000e+00 0.000000000e+00
4.353542335e-01 7.874117119e-02 3.204338597e-01 3.677048860e-02 4.197068260e-02 0.000000000e+00 0.000000000e+00
4.615283011e-01 8.354668075e-02 3.327596483e-01 3.873982883e-02 4.480685193e-02 0.000000000e+00 0.000000000e+00
4.892759879e-01 8.117631455e-02 3.161497568e-01 3.732739223e-02 4.384892233e-02 0.000000000e+00 0.000000000e+00
5.186919022e-01 8.465162516e-02 3.213517935e-01 3.951328254e-02 4.513834262e-02 0.000000000e+00 0.000000000e+00
5.498763397e-01 8.793353968e-02 3.244854446e-01 4.042066801e-02 4.751287167e-02 0.000000000e+00 0.000000000e+00
5.829356266e-01 8.981505962e-02 3.252650511e-01 4.179879174e-02 4.801626788e-02 0.000000000e+00 0.000000000e+00
6.179824811e-01 9.387036550e-02 3.271731609e-01 4.334193476e-02 5.052843074e-02 0.000000000e+00 0.000000000e+00
6.551363985e-01 9.558221044e-02 3.248991594e-01 4.409212377e-02 5.149008667e-02 0.000000000e+00 0.000000000e+00
6.945240582e-01 1.000020179e-01 3.316717165e-01 4.653687970e-02 5.346513822e-02 0.000000000e+00 0.000000000e+00
7.362797556e-01 1.044685675e-01 3.304662225e-01 4.909949603e-02 5.536907146e-02 0.000000000e+00 0.000000000e+00
7.805458603e-01 1.088119986e-01 3.288438067e-01 5.119691638e-02 5.761508219e-02 0.000000000e+00 0.000000000e+00
8.274733014e-01 1.104867639e-01 3.256982966e-01 5.266997557e-02 5.781678831e-02 0.000000000e+00 0.000000000e+00
8.772220817e-01 1.135741088e-01 3.262155921e-01 5.422678125e-02 5.934732751e-02 0.000000000e+00 0.000000000e+00
9.299618239e-01 1.189273008e-01 3.276210991e-01 5.808010875e-02 6.084719201e-02 0.000000000e+00 0.000000000e+00
9.858723487e-01 1.220965299e-01 3.225363628e-01 6.092250641e-02 6.117402348e-02 2.375415013e-117 5.827803206e-117
1.045144288e+00 1.217359001e-01 3.089804401e-01 6.212764515e-02 5.960825495e-02 2.709102441e-111 3.666694398e-111
1.107979733e+00 1.192928465e-01 2.918361425e-01 6.229816861e-02 5.699467786e-02 7.544327347e-105 8.771647756e-105
1.174592928e+00 1.191219200e-01 2.837381554e-01 6.321234821e-02 5.590957182e-02 2.209856738e-98 5.084885956e-98
1.245210996e+00 1.198103575e-01 2.746368063e-01 6.583715557e-02 5.397320192e-02 2.912745048e-91 9.789209204e-91
1.320074714e+00 1.214892430e-01 2.666365019e-01 6.915075546e-02 5.233848750e-02 3.464996559e-86 9.111433637e-86
1.399439338e+00 1.247400005e-01 2.638655800e-01 7.330053728e-02 5.143946327e-02 4.923236505e-82 4.826587484e-82
1.483575466e+00 1.280858321e-01 2.594900982e-01 7.789158128e-02 5.019425078e-02 1.564595134e-76 1.469080085e-76
1.572769969e+00 1.336697945e-01 2.614224327e-01 8.373025526e-02 4.993953920e-02 5.890347573e-72 3.310234087e-72
1.667326963e+00 1.388583217e-01 2.622815331e-01 8.995902410e-02 4.889929764e-02 1.291129745e-67 1.313464691e-67
1.767568847e+00 1.375920527e-01 2.506715628e-01 9.247839392e-02 4.511365883e-02 1.935737540e-63 1.153262233e-63
1.873837405e+00 1.320536722e-01 2.303156473e-01 9.231660341e-02 3.973706875e-02 4.635194521e-60 2.178323900e-60
1.986494968e+00 1.267218190e-01 2.146359651e-01 9.172682632e-02 3.499499268e-02 1.935538322e-56 9.916411989e-57
2.105925651e+00 1.233231420e-01 1.999313620e-01 9.202402763e-02 3.129911433e-02 5.359069022e-53 2.165318161e-53
2.232536664e+00 1.149156167e-01 1.799461128e-01 8.836236517e-02 2.655325155e-02 1.142386749e-49 4.780607467e-50
2.366759696e+00 1.067765064e-01 1.628039033e-01 8.463162561e-02 2.214488084e-02 1.492484334e-46 4.824280065e-47
2.509052394e+00 9.451720310e-02 1.395042769e-01 7.702342408e-02 1.749377902e-02 8.867840284e-44 2.522082653e-44
2.659899915e+00 9.714796696e-02 1.394111030e-01 8.138036463e-02 1.576760233e-02 4.966852394e-41 1.040101520e-41
2.819816587e+00 9.821008089e-02 1.365176811e-01 8.427512791e-02 1.393495297e-02 2.024208187e-38 4.173261202e-39
2.989347660e+00 8.361953056e-02 1.130889002e-01 7.331503890e-02 1.030449166e-02 4.762756115e-36 8.307641697e-37
3.169071162e+00 7.744397355e-02 1.019122756e-01 6.926067300e-02 8.183300555e-03 7.282716476e-34 9.724478654e-35
3.359599877e+00 7.648458390e-02 9.828596749e-02 6.958501011e-02 6.899573796e-03 1.392627061e-31 1.544916438e-32
3.561583429e+00 7.493117671e-02 9.430320143e-02 6.923608885e-02 5.695087863e-03 1.419279561e-29 1.243843414e-30
3.775710497e+00 6.477349553e-02 7.974843194e-02 6.061325714e-02 4.160238389e-03 1.152212783e-27 8.383074667e-29
4.002711165e+00 6.120065674e-02 7.391377141e-02 5.795145725e-02 3.249199485e-03 7.032689326e-26 4.110708850e-27
4.243359411e+00 5.894932179e-02 7.009667748e-02 5.636609442e-02 2.583227366e-03 3.941673492e-24 1.945198520e-25
4.498475745e+00 5.027046680e-02 5.887857772e-02 4.845040457e-02 1.820062229e-03 1.527511320e-22 6.046656266e-24
4.768930007e+00 4.523960504e-02 5.219887124e-02 4.391702095e-02 1.322584093e-03 5.253718806e-21 1.667645353e-22
5.055644335e+00 4.098521533e-02 4.674138845e-02 4.000988955e-02 9.753257772e-04 1.336184387e-19 3.384315174e-21
5.359596304e+00 3.865373685e-02 4.349850638e-02 3.791443901e-02 7.392978457e-04 3.048253200e-18 6.141897751e-20
5.681822265e+00 3.592606802e-02 4.008295613e-02 3.537339742e-02 5.526706038e-04 5.275002567e-17 8.435278122e-19
6.023420872e+00 3.328703782e-02 3.681007922e-02 3.288240885e-02 4.046289694e-04 8.754834970e-16 1.131624170e-17
6.385556837e+00 2.991430779e-02 3.279436275e-02 2.962549162e-02 2.888161729e-04 1.132855025e-14 1.132696750e-16
6.769464890e+00 2.691057419e-02 2.930640686e-02 2.670593592e-02 2.046382695e-04 1.305076263e-13 1.032788090e-15
7.176453999e+00 2.419735846e-02 2.622267225e-02 2.405391851e-02 1.434399502e-04 1.256912880e-12 7.717951725e-15
7.607911827e+00 2.181601519e-02 2.374158148e-02 2.171673222e-02 9.928295893e-05 1.134255107e-11 5.320788441e-14
8.065309466e+00 1.912600144e-02 2.153018430e-02 1.905912386e-02 6.687749070e-05 8.923065402e-11 3.219693737e-13
8.550206451e+00 1.632068071e-02 1.941947324e-02 1.627604460e-02 4.463549256e-05 6.228332813e-10 1.810137612e-12
9.064256079e+00 1.416431594e-02 1.786632806e-02 1.413190323e-02 3.240845838e-05 4.239214572e-09 1.031720125e-11
9.609211044e+00 1.259717185e-02 1.642513400e-02 1.257152668e-02 2.562031411e-05 2.480092096e-08 5.325732828e-11
1.018692942e+01 1.165014970e-02 1.473849273e-02 1.162972809e-02 2.028940973e-05 1.319539134e-07 2.404173742e-10
1.079938098e+01 1.063965088e-02 1.290701531e-02 1.062355553e-02 1.548532448e-05 6.091081531e-07 9.242553633e-10
1.144865393e+01 9.549660941e-03 1.113943377e-02 9.536153655e-03 1.102684487e-05 2.477450479e-06 2.991248658e-09
1.213696202e+01 8.658321012e-03 9.784591692e-03 8.640894313e-03 7.947024338e-06 9.470675418e-06 9.000043384e-09
1.286665210e+01 7.629915041e-03 8.368992803e-03 7.592105202e-03 5.409467446e-06 3.237677046e-05 2.360128626e-08
1.364021210e+01 6.830433423e-03 7.283058832e-03 6.721196901e-03 3.645885452e-06 1.055319905e-04 5.864620445e-08
1.446027954e+01 6.285990424e-03 6.409611056e-03 5.946522655e-03 2.410368490e-06 3.369174177e-04 1.399822969e-07
1.532965052e+01 6.155061865e-03 5.531343975e-03 5.097312205e-03 1.561170878e-06 1.055855263e-03 3.332254060e-07
1.625128922e+01 7.500938064e-03 4.786353426e-03 4.365697868e-03 1.048597634e-06 3.133410648e-03 7.809515391e-07
1.722833804e+01 1.270391805e-02 4.171101022e-03 3.771803504e-03 7.274361195e-07 8.929611371e-03 1.775733784e-06
1.826412832e+01 2.647918841e-02 3.647579813e-03 3.284709106e-03 5.133108477e-07 2.319017633e-02 3.789666629e-06
1.936219168e+01 5.771847280e-02 3.168642962e-03 2.868097116e-03 3.640415540e-07 5.484279893e-02 7.212715508e-06
2.052627204e+01 1.198571748e-01 2.777231784e-03 2.536164405e-03 2.452551053e-07 1.173092078e-01 1.155736471e-05
2.176033844e+01 2.452793912e-01 2.478575125e-03 2.283376438e-03 1.566721749e-07 2.429790776e-01 1.678047104e-05
2.306859853e+01 4.735804028e-01 2.191822079e-03 2.033253066e-03 9.032506176e-08 4.715264123e-01 2.064716748e-05
2.445551294e+01 8.865287863e-01 1.933960142e-03 1.805129931e-03 4.482488605e-08 8.847034508e-01 2.016070753e-05
2.592581045e+01 1.579600724e+00 1.732927220e-03 1.625743228e-03 1.550639107e-08 1.577962295e+00 1.267083643e-05
2.748450419e+01 2.724700921e+00 1.558367903e-03 1.468970607e-03 2.448893100e-09 2.723229012e+00 2.936024121e-06
2.913690863e+01 4.513385256e+00 1.383159098e-03 1.308829542e-03 3.696163599e-11 4.512076333e+00 9.365011940e-08
3.088865780e+01 7.116380002e+00 1.243170747e-03 1.180539696e-03 6.444035406e-12 7.115199462e+00 0.000000000e+00
3.274572442e+01 1.088945859e+01 1.091556962e-03 1.040846874e-03 0.000000000e+00 1.088841774e+01 0.000000000e+00
3.471444033e+01 1.594869902e+01 9.924880937e-04 9.493022604e-04 0.000000000e+00 1.594774971e+01 0.000000000e+00
3.680151802e+01 2.236309752e+01 8.814630165e-04 8.457932279e-04 0.000000000e+00 2.236225173e+01 0.000000000e+00
3.901407356e+01 3.045415443e+01 7.809731209e-04 7.520328741e-04 0.000000000e+00 3.045340240e+01 0.000000000e+00
4.135965084e+01 3.964752904e+01 6.987160689e-04 6.749484762e-04 0.000000000e+00 3.964685409e+01 0.000000000e+00
4.384624730e+01 5.017480765e+01 6.242509753e-04 6.048814853e-04 0.000000000e+00 5.017420277e+01 0.000000000e+00
4.648234121e+01 6.144566117e+01 5.486097729e-04 5.332538824e-04 0.000000000e+00 6.144512792e+01 0.000000000e+00
4.927692053e+01 7.318562030e+01 4.856241642e-04 4.734775156e-04 0.000000000e+00 7.318514683e+01 0.000000000e+00
5.223951363e+01 8.486501841e+01 4.360972878e-04 4.262892969e-04 0.000000000e+00 8.486459212e+01 0.000000000e+00
5.538022172e+01 9.543607766e+01 3.869501139e-04 3.791362485e-04 0.000000000e+00 9.543569853e+01 0.000000000e+00
5.870975330e+01 1.051218826e+02 3.463898678e-04 3.400729604e-04 0.000000000e+00 1.051215425e+02 0.000000000e+00
6.223946068e+01 1.129645192e+02 3.060036088e-04 3.011237229e-04 0.000000000e+00 1.129642181e+02 0.000000000e+00
6.598137870e+01 1.194017246e+02 2.720561815e-04 2.681730171e-04 0.000000000e+00 1.194014564e+02 0.000000000e+00
6.994826574e+01 1.238818832e+02 2.429998135e-04 2.399341084e-04 0.000000000e+00 1.238816433e+02 0.000000000e+00
7.415364723e+01 1.259691050e+02 2.148036914e-04 2.124256093e-04 0.000000000e+00 1.259688926e+02 0.000000000e+00
7.861186177e+01 1.261838600e+02 1.943019880e-04 1.924030081e-04 0.000000000e+00 1.261836676e+02 0.000000000e+00
8.333811002e+01 1.240353845e+02 1.719212527e-04 1.704425464e-04 0.000000000e+00 1.240352141e+02 0.000000000e+00
8.834850651e+01 1.203313519e+02 1.524367360e-04 1.512757986e-04 0.000000000e+00 1.203312006e+02 0.000000000e+00
9.366013462e+01 1.157547520e+02 1.370229589e-04 1.361035479e-04 0.000000000e+00 1.157546159e+02 0.000000000e+00
9.929110477e+01 1.083836444e+02 7.754053532e-05 7.707111143e-05 0.000000000e+00 1.083835673e+02 0.000000000e+00
1.052606162e+02 1.023826393e+02 0.000000000e+00 0.000000000e+00 0.000000000e+00 1.023826393e+02 0.000000000e+00
1.115890226e+02 9.460554848e+01 0.000000000e+00 0.000000000e+00 0.000000000e+00 9.460554848e+01 0.000000000e+00
1.182979010e+02 8.760720241e+01 0.000000000e+00 0.000000000e+00 0.000000000e+00 8.760720241e+01 0.000000000e+00
1.254101260e+02 8.044350274e+01 0.000000000e+00 0.000000000e+00 0.000000000e+00 8.044350274e+01 0.000000000e+00
1.329499472e+02 7.338756672e+01 0.000000000e+00 0.000000000e+00 0.000000000e+00 7.338756672e+01 0.000000000e+00
1.409430725e+02 6.647703809e+01 0.000000000e+00 0.000000000e+00 0.000000000e+00 6.647703809e+01 0.000000000e+00
1.494167549e+02 5.821635801e+01 0.000000000e+00 0.000000000e+00 0.000000000e+00 5.821635801e+01 0.000000000e+00
1.583998862e+02 5.023205137e+01 0.000000000e+00 0.000000000e+00 0.000000000e+00 5.023205137e+01 0.000000000e+00
1.679230951e+02 4.323555547e+01 0.000000000e+00 0.000000000e+00 0.000000000e+00 4.323555547e+01 0.000000000e+00
1.780188519e+02 3.724701848e+01 0.000000000e+00 0.000000000e+00 0.000000000e+00 3.724701848e+01 0.000000000e+00
1.887215788e+02 3.180100486e+01 0.000000000e+00 0.000000000e+00 0.000000000e+00 3.180100486e+01 0.000000000e+00
2.000677676e+02 2.753021909e+01 0.000000000e+00 0.000000000e+00 0.000000000e+00 2.753021909e+01 0.000000000e+00
2.120961043e+02 2.349373931e+01 0.000000000e+00 0.000000000e+00 0.000000000e+00 2.349373931e+01 0.000000000e+00
2.248476003e+02 1.988516357e+01 0.000000000e+00 0.000000000e+00 0.000000000e+00 1.988516357e+01 0.000000000e+00
2.383657330e+02 1.679913839e+01 0.000000000e+00 0.000000000e+00 0.000000000e+00 1.679913839e+01 0.000000000e+00
2.526965935e+02 1.408828677e+01 0.000000000e+00 0.000000000e+00 0.000000000e+00 1.408828677e+01 0.000000000e+00
2.678890442e+02 1.188088441e+01 0.000000000e+00 0.000000000e+00 0.000000000e+00 1.188088441e+01 0.000000000e+00
2.839948849e+02 9.900178311e+00 0.000000000e+00 0.000000000e+00 0.000000000e+00 9.900178311e+00 0.000000000e+00
3.010690299e+02 8.395356747e+00 0.000000000e+00 0.000000000e+00 0.000000000e+00 8.395356747e+00 0.000000000e+00
3.191696949e+02 6.899706711e+00 0.000000000e+00 0.000000000e+00 0.000000000e+00 6.899706711e+00 0.000000000e+00
3.383585957e+02 5.728710845e+00 0.000000000e+00 0.000000000e+00 0.000000000e+00 5.728710845e+00 0.000000000e+00
3.587011583e+02 4.720496727e+00 0.000000000e+00 0.000000000e+00 0.000000000e+00 4.720496727e+00 0.000000000e+00
3.802667425e+02 3.895215574e+00 0.000000000e+00 0.000000000e+00 0.000000000e+00 3.895215574e+00 0.000000000e+00
4.031288779e+02 3.208856293e+00 0.000000000e+00 0.000000000e+00 0.000000000e+00 3.208856293e+00 0.000000000e+00
4.273655148e+02 2.636889452e+00 0.000000000e+00 0.000000000e+00 0.000000000e+00 2.636889452e+00 0.000000000e+00
4.530592901e+02 2.135279878e+00 0.000000000e+00 0.000000000e+00 0.000000000e+00 2.135279878e+00 0.000000000e+00
4.802978090e+02 1.756185557e+00 0.000000000e+00 0.000000000e+00 0.000000000e+00 1.756185557e+00 0.000000000e+00
5.091739433e+02 1.439865376e+00 0.000000000e+00 0.000000000e+00 0.000000000e+00 1.439865376e+00 0.000000000e+00
5.397861487e+02 1.175809341e+00 0.000000000e+00 0.000000000e+00 0.000000000e+00 1.175809341e+00 0.000000000e+00
5.722388000e+02 9.541314791e-01 0.000000000e+00 0.000000000e+00 0.000000000e+00 9.541314791e-01 0.000000000e+00
6.066425473e+02 7.739158435e-01 0.000000000e+00 0.000000000e+00 0.000000000e+00 7.739158435e-01 0.000000000e+00
6.431146930e+02 6.323594706e-01 0.000000000e+00 0.000000000e+00 0.000000000e+00 6.323594706e-01 0.000000000e+00
6.817795920e+02 5.169748585e-01 0.000000000e+00 0.000000000e+00 0.000000000e+00 5.169748585e-01 0.000000000e+00
7.227690754e+02 4.167567726e-01 0.000000000e+00 0.000000000e+00 0.000000000e+00 4.167567726e-01 0.000000000e+00
7.662229003e+02 3.371359116e-01 0.000000000e+00 0.000000000e+00 0.000000000e+00 3.371359116e-01 0.000000000e+00
8.122892262e+02 2.702560747e-01 0.000000000e+00 0.000000000e+00 0.000000000e+00 2.702560747e-01 0.000000000e+00
8.611251200e+02 2.195948434e-01 0.000000000e+00 0.000000000e+00 0.000000000e+00 2.195948434e-01 0.000000000e+00
9.128970918e+02 1.768187035e-01 0.000000000e+00 0.000000000e+00 0.000000000e+00 1.768187035e-01 0.000000000e+00
9.677816625e+02 1.443471239e-01 0.000000000e+00 0.000000000e+00 0.000000000e+00 1.443471239e-01 0.000000000e+00
1.025965966e+03 1.227563520e-01 0.000000000e+00 0.000000000e+00 0.000000000e+00 1.227563520e-01 0.000000000e+00
1.087648385e+03 1.092208504e-01 0.000000000e+00 0.000000000e+00 0.000000000e+00 1.092208504e-01 0.000000000e+00
1.153039233e+03 9.862595643e-02 0.000000000e+00 0.000000000e+00 0.000000000e+00 9.862595643e-02 0.000000000e+00
1.222361464e+03 8.975099661e-02 0.000000000e+00 0.000000000e+00 0.000000000e+00 8.975099661e-02 0.000000000e+00
1.295851439e+03 7.979987406e-02 0.000000000e+00 0.000000000e+00 0.000000000e+00 7.979987406e-02 0.000000000e+00
1.373759727e+03 7.127932410e-02 0.000000000e+00 0.000000000e+00 0.000000000e+00 7.127932410e-02 0.000000000e+00
1.456351964e+03 6.375626465e-02 0.000000000e+00 0.000000000e+00 0.000000000e+00 6.375626465e-02 0.000000000e+00
1.543909754e+03 5.764493738e-02 0.000000000e+00 0.000000000e+00 0.000000000e+00 5.764493738e-02 0.000000000e+00
1.636731634e+03 5.181228312e-02 0.000000000e+00 0.000000000e+00 0.000000000e+00 5.181228312e-02 0.000000000e+00
1.735134087e+03 4.633938689e-02 0.000000000e+00 0.000000000e+00 0.000000000e+00 4.633938689e-02 0.000000000e+00
1.839452624e+03 4.161395917e-02 0.000000000e+00 0.000000000e+00 0.000000000e+00 4.161395917e-02 0.000000000e+00
1.950042929e+03 3.717917282e-02 0.000000000e+00 0.000000000e+00 0.000000000e+00 3.717917282e-02 0.000000000e+00
2.067282068e+03 3.342621750e-02 0.000000000e+00 0.000000000e+00 0.000000000e+00 3.342621750e-02 0.000000000e+00
2.191569778e+03 2.983812694e-02 0.000000000e+00 0.000000000e+00 0.000000000e+00 2.983812694e-02 0.000000000e+00
2.323329827e+03 2.652198414e-02 0.000000000e+00 0.000000000e+00 0.000000000e+00 2.652198414e-02 0.000000000e+00
2.463011464e+03 2.384612563e-02 0.000000000e+00 0.000000000e+00 0.000000000e+00 2.384612563e-02 0.000000000e+00
2.611090944e+03 2.131056770e-02 0.000000000e+00 0.000000000e+00 0.000000000e+00 2.131056770e-02 0.000000000e+00
2.768073157e+03 1.920587441e-02 0.000000000e+00 0.000000000e+00 0.000000000e+00 1.920587441e-02 0.000000000e+00
2.934493346e+03 1.712862262e-02 0.000000000e+00 0.000000000e+00 0.000000000e+00 1.712862262e-02 0.000000000e+00
3.110918936e+03 1.520480622e-02 0.000000000e+00 0.000000000e+00 0.000000000e+00 1.520480622e-02 0.000000000e+00
3.297951463e+03 1.356205211e-02 0.000000000e+00 0.000000000e+00 0.000000000e+00 1.356205211e-02 0.000000000e+00
3.496228631e+03 1.210632297e-02 0.000000000e+00 0.000000000e+00 0.000000000e+00 1.210632297e-02 0.000000000e+00
3.706426483e+03 1.081879598e-02 0.000000000e+00 0.000000000e+00 0.000000000e+00 1.081879598e-02 0.000000000e+00
3.929261705e+03 9.691346090e-03 0.000000000e+00 0.000000000e+00 0.000000000e+00 9.691346090e-03 0.000000000e+00
4.165494073e+03 8.587454948e-03 0.000000000e+00 0.000000000e+00 0.000000000e+00 8.587454948e-03 0.000000000e+00
4.415929040e+03 7.740344466e-03 0.000000000e+00 0.000000000e+00 0.000000000e+00 7.740344466e-03 0.000000000e+00
4.681420487e+03 6.858023909e-03 0.000000000e+00 0.000000000e+00 0.000000000e+00 6.858023909e-03 0.000000000e+00
4.962873628e+03 6.151004661e-03 0.000000000e+00 0.000000000e+00 0.000000000e+00 6.151004661e-03 0.000000000e+00
5.261248100e+03 5.451350549e-03 0.000000000e+00 0.000000000e+00 0.000000000e+00 5.451350549e-03 0.000000000e+00
5.577561237e+03 4.891984926e-03 0.000000000e+00 0.000000000e+00 0.000000000e+00 4.891984926e-03 0.000000000e+00
5.912891535e+03 4.315384000e-03 0.000000000e+00 0.000000000e+00 0.000000000e+00 4.315384000e-03 0.000000000e+00
6.268382331e+03 3.908935397e-03 0.000000000e+00 0.000000000e+00 0.000000000e+00 3.908935397e-03 0.000000000e+00
6.645245699e+03 3.513507240e-03 0.000000000e+00 0.000000000e+00 0.000000000e+00 3.513507240e-03 0.000000000e+00
7.044766588e+03 3.086119247e-03 0.000000000e+00 0.000000000e+00 0.000000000e+00 3.086119247e-03 0.000000000e+00
7.468307196e+03 2.754447510e-03 0.000000000e+00 0.000000000e+00 0.000000000e+00 2.754447510e-03 0.000000000e+00
7.917311621e+03 2.448790271e-03 0.000000000e+00 0.000000000e+00 0.000000000e+00 2.448790271e-03 0.000000000e+00
8.393310782e+03 2.183296527e-03 0.000000000e+00 0.000000000e+00 0.000000000e+00 2.183296527e-03 0.000000000e+00
8.897927636e+03 1.953610351e-03 0.000000000e+00 0.000000000e+00 0.000000000e+00 1.953610351e-03 0.000000000e+00
9.432882717e+03 1.746261218e-03 0.000000000e+00 0.000000000e+00 0.000000000e+00 1.746261218e-03 0.000000000e+00
1.000000000e+04 1.417462922e-03 0.000000000e+00 0.000000000e+00 0.000000000e+00 1.417462922e-03 0.000000000e+00
