# column 1: wavelength (micron)
# column 2: total flux; F_nu (Jy)
# column 3: transparent flux; F_nu (Jy)
# column 4: direct primary flux; F_nu (Jy)
# column 5: scattered primary flux; F_nu (Jy)
# column 6: direct secondary flux; F_nu (Jy)
# column 7: scattered secondary flux; F_nu (Jy)
9.000000000e-02 2.240963692e-03 3.399001381e-02 1.884622442e-03 3.563412492e-04 0.000000000e+00 0.000000000e+00
9.541091806e-02 1.275102108e-02 1.749457763e-01 1.052139590e-02 2.229625177e-03 0.000000000e+00 0.000000000e+00
1.011471476e-01 1.874531108e-02 2.100699631e-01 1.483941821e-02 3.905892870e-03 0.000000000e+00 0.000000000e+00
1.072282468e-01 2.628544854e-02 2.376146603e-01 1.999356594e-02 6.291882600e-03 0.000000000e+00 0.000000000e+00
1.136749497e-01 3.145567987e-02 2.381213840e-01 2.301328600e-02 8.442393868e-03 0.000000000e+00 0.000000000e+00
1.205092367e-01 2.967773196e-02 1.989836896e-01 2.114550557e-02 8.532226389e-03 0.000000000e+00 0.000000000e+00
1.277544101e-01 3.768580419e-02 2.305068768e-01 2.618803836e-02 1.149776583e-02 0.000000000e+00 0.000000000e+00
1.354351729e-01 4.044581558e-02 2.328205037e-01 2.773230219e-02 1.271351339e-02 0.000000000e+00 0.000000000e+00
1.435777131e-01 4.132488745e-02 2.242644131e-01 2.806307094e-02 1.326181651e-02 0.000000000e+00 0.000000000e+00
1.522097936e-01 4.223686768e-02 2.171578548e-01 2.860483162e-02 1.363203607e-02 0.000000000e+00 0.000000000e+00
1.613608460e-01 4.184798560e-02 2.106425706e-01 2.836407817e-02 1.348390743e-02 0.000000000e+00 0.000000000e+00
1.710620718e-01 3.979919527e-02 2.073976424e-01 2.683907432e-02 1.296012095e-02 0.000000000e+00 0.000000000e+00
1.813465479e-01 3.594667692e-02 2.029059825e-01 2.442784392e-02 1.151883300e-02 0.000000000e+00 0.000000000e+00
1.922493402e-01 3.009971087e-02 1.954488780e-01 2.062828716e-02 9.471423710e-03 0.000000000e+00 0.000000000e+00
2.038076228e-01 2.474173824e-02 1.878153840e-01 1.725893969e-02 7.482798543e-03 0.000000000e+00 0.000000000e+00
2.160608044e-01 2.420518992e-02 1.871269860e-01 1.668115768e-02 7.524032237e-03 0.000000000e+00 0.000000000e+00
2.290506634e-01 2.769108282e-02 1.794069408e-01 1.765013049e-02 1.004095233e-02 0.000000000e+00 0.000000000e+00
2.428214897e-01 3.266365894e-02 1.699205846e-01 1.888033085e-02 1.378332809e-02 0.000000000e+00 0.000000000e+00
2.574202362e-01 3.697188167e-02 1.669352314e-01 2.018717307e-02 1.678470861e-02 0.000000000e+00 0.000000000e+00
2.728966785e-01 3.980367994e-02 1.661499931e-01 2.076916486e-02 1.903451508e-02 0.000000000e+00 0.000000000e+00
2.893035848e-01 4.232245820e-02 1.680224875e-01 2.192779944e-02 2.039465876e-02 0.000000000e+00 0.000000000e+00
3.066968958e-01 4.453340732e-02 1.686948406e-01 2.259956817e-02 2.193383915e-02 0.000000000e+00 0.000000000e+00
3.251359155e-01 4.636660268e-02 1.699804132e-01 2.314463972e-02 2.322196297e-02 0.000000000e+00 0.000000000e+00
3.446835132e-01 4.722646086e-02 1.693507524e-01 2.315208815e-02 2.407437271e-02 0.000000000e+00 0.000000000e+00
3.654063382e-01 5.130207694e-02 1.793788278e-01 2.476358760e-02 2.653848933e-02 0.000000000e+00 0.000000000e+00
3.873750465e-01 8.059854439e-02 2.738881806e-01 3.883753999e-02 4.176100440e-02 0.000000000e+00 0.000000000e+00
4.106645425e-01 9.854659938e-02 3.286755145e-01 4.763110264e-02 5.091549674e-02 0.000000000e+00 0.000000000e+00
4.353542335e-01 9.867905201e-02 3.205412812e-01 4.717785775e-02 5.150119426e-02 0.000000000e+00 0.000000000e+00
4.615283011e-01 1.048137549e-01 3.335768915e-01 4.947430093e-02 5.533945393e-02 0.000000000e+00 0.000000000e+00
4.892759879e-01 1.014528015e-01 3.175844156e-01 4.796391115e-02 5.348889038e-02 0.000000000e+00 0.000000000e+00
5.186919022e-01 1.051296903e-01 3.221109071e-01 5.006848494e-02 5.506120531e-02 0.000000000e+00 0.000000000e+00
5.498763397e-01 1.088375825e-01 3.228944170e-01 5.207301900e-02 5.676456349e-02 0.000000000e+00 0.000000000e+00
5.829356266e-01 1.121231673e-01 3.273355905e-01 5.320806543e-02 5.891510183e-02 0.000000000e+00 0.000000000e+00
6.179824811e-01 1.161461030e-01 3.295271715e-01 5.523511651e-02 6.091098649e-02 0.000000000e+00 0.000000000e+00
6.551363985e-01 1.174821928e-01 3.244297034e-01 5.594102622e-02 6.154116663e-02 0.000000000e+00 0.000000000e+00
6.945240582e-01 1.240382267e-01 3.322001242e-01 6.019989656e-02 6.383833012e-02 0.000000000e+00 0.000000000e+00
7.362797556e-01 1.268142147e-01 3.292987999e-01 6.212626070e-02 6.468795400e-02 0.000000000e+00 0.000000000e+00
7.805458603e-01 1.314699542e-01 3.289912579e-01 6.475034649e-02 6.671960767e-02 0.000000000e+00 0.000000000e+00
8.274733014e-01 1.325840966e-01 3.235150881e-01 6.573733137e-02 6.684676527e-02 0.000000000e+00 0.000000000e+00
8.772220817e-01 1.378376250e-01 3.263464430e-01 6.938471902e-02 6.845290602e-02 0.000000000e+00 0.000000000e+00
9.299618239e-01 1.436861366e-01 3.267894592e-01 7.342645475e-02 7.025968180e-02 0.000000000e+00 0.000000000e+00
9.858723487e-01 1.473169728e-01 3.221981882e-01 7.727773749e-02 7.003923535e-02 5.586946047e-118 1.689858316e-117
1.045144288e+00 1.457850587e-01 3.077330741e-01 7.857906335e-02 6.720599538e-02 4.209850644e-111 5.590729226e-111
1.107979733e+00 1.426278285e-01 2.934724206e-01 7.811388655e-02 6.451394193e-02 3.306214759e-104 2.637651830e-104
1.174592928e+00 1.412886223e-01 2.833461356e-01 7.949710332e-02 6.179151895e-02 9.306666372e-100 1.087442799e-99
1.245210996e+00 1.409878499e-01 2.722755751e-01 8.178191053e-02 5.920593934e-02 1.138191188e-91 6.227766634e-92
1.320074714e+00 1.423119037e-01 2.671688560e-01 8.551159982e-02 5.680030386e-02 3.080078956e-87 2.153417380e-87
1.399439338e+00 1.447333411e-01 2.625445780e-01 9.039647486e-02 5.433686624e-02 5.644921165e-83 4.228538362e-83
1.483575466e+00 1.494503854e-01 2.625893227e-01 9.629754158e-02 5.315284384e-02 2.651844988e-77 4.919112869e-77
1.572769969e+00 1.538772126e-01 2.621158551e-01 1.019159396e-01 5.196127298e-02 3.039187107e-72 1.473727779e-72
1.667326963e+00 1.593486412e-01 2.641025711e-01 1.090748621e-01 5.027377910e-02 5.638311537e-69 5.040748642e-69
1.767568847e+00 1.565646393e-01 2.502510247e-01 1.110632476e-01 4.550139170e-02 3.385334576e-64 1.874950528e-64
1.873837405e+00 1.480085351e-01 2.299038590e-01 1.086844603e-01 3.932407484e-02 5.261057812e-60 1.996933770e-60
1.986494968e+00 1.435592058e-01 2.167567713e-01 1.090643943e-01 3.449481152e-02 4.601287578e-57 1.764517032e-57
2.105925651e+00 1.354602927e-01 1.986693469e-01 1.057809561e-01 2.967933662e-02 1.169650899e-53 4.515239826e-54
2.232536664e+00 1.278012426e-01 1.821292811e-01 1.024898489e-01 2.531139366e-02 3.267148745e-50 1.030548722e-50
2.366759696e+00 1.180391095e-01 1.644516868e-01 9.719737179e-02 2.084173775e-02 3.140239099e-47 8.140693795e-48
2.509052394e+00 1.030865753e-01 1.397678419e-01 8.702967588e-02 1.605689947e-02 2.460313307e-44 5.854324821e-45
2.659899915e+00 1.055879020e-01 1.393550228e-01 9.130162957e-02 1.428627243e-02 1.444741572e-41 2.752470593e-42
2.819816587e+00 1.047937643e-01 1.355983089e-01 9.244155739e-02 1.235220694e-02 5.070942120e-39 7.888679348e-40
2.989347660e+00 8.969605822e-02 1.133977402e-01 8.060882286e-02 9.087235357e-03 1.703402373e-36 2.146627318e-37
3.169071162e+00 8.151026487e-02 1.008770537e-01 7.442511227e-02 7.085152601e-03 4.008620014e-34 4.548527356e-35
3.359599877e+00 8.075351550e-02 9.811603812e-02 7.484319972e-02 5.910315775e-03 5.002482789e-32 4.598360947e-33
3.561583429e+00 7.865761867e-02 9.399197362e-02 7.382838286e-02 4.829235805e-03 5.440393248e-30 4.021178314e-31
3.775710497e+00 6.859989015e-02 8.077497498e-02 6.509019125e-02 3.509698895e-03 4.707975379e-28 2.790978163e-29
4.002711165e+00 6.308520378e-02 7.315733614e-02 6.043135537e-02 2.653848408e-03 3.741151223e-26 1.870837175e-27
4.243359411e+00 6.021586781e-02 6.889609625e-02 5.812676660e-02 2.089101217e-03 1.731922435e-24 6.864939070e-26
4.498475745e+00 5.157303601e-02 5.828218507e-02 5.009440624e-02 1.478629775e-03 7.695030823e-23 2.479856629e-24
4.768930007e+00 4.670055736e-02 5.219524145e-02 4.562847550e-02 1.072081856e-03 2.593229591e-21 6.627161610e-23
5.055644335e+00 4.165697617e-02 4.609253934e-02 4.088071238e-02 7.762637865e-04 7.139038037e-20 1.467684886e-21
5.359596304e+00 3.941165739e-02 4.326187859e-02 3.882346314e-02 5.881942465e-04 1.664875133e-18 2.722911335e-20
5.681822265e+00 3.683732839e-02 4.009938962e-02 3.639994245e-02 4.373859311e-04 3.317353053e-17 4.254952023e-19
6.023420872e+00 3.363001959e-02 3.637114720e-02 3.331132953e-02 3.186900601e-04 5.139569226e-16 5.316902571e-18
6.385556837e+00 3.083933432e-02 3.311728291e-02 3.060910230e-02 2.302320180e-04 7.350155442e-15 5.914947632e-17
6.769464890e+00 2.727839104e-02 2.913904724e-02 2.711876258e-02 1.596284533e-04 8.585486614e-14 5.387589844e-16
7.176453999e+00 2.468282653e-02 2.625506060e-02 2.457010467e-02 1.127218596e-04 8.722105928e-13 4.224220035e-15
7.607911827e+00 2.232094260e-02 2.382958089e-02 2.224186381e-02 7.907877799e-05 7.840240014e-12 2.969380165e-14
8.065309466e+00 1.952556548e-02 2.137225251e-02 1.947236259e-02 5.320282457e-05 6.525830189e-11 1.896932587e-13
8.550206451e+00 1.679501624e-02 1.925576381e-02 1.675869901e-02 3.631674982e-05 4.795510379e-10 1.118729590e-12
9.064256079e+00 1.505100387e-02 1.801690022e-02 1.502343568e-02 2.756493065e-05 3.253109763e-09 6.484495291e-12
9.609211044e+00 1.339502185e-02 1.645740673e-02 1.337338830e-02 2.161342361e-05 2.009109024e-08 3.503365494e-11
1.018692942e+01 1.234778486e-02 1.486669517e-02 1.233055674e-02 1.712155333e-05 1.064023864e-07 1.594093406e-10
1.079938098e+01 1.093810673e-02 1.273832360e-02 1.092510533e-02 1.250606883e-05 4.947292750e-07 6.081226182e-10
1.144865393e+01 9.766253749e-03 1.100189375e-02 9.755183211e-03 8.980479388e-06 2.088044414e-06 2.014469901e-09
1.213696202e+01 8.915795490e-03 9.797661778e-03 8.901636700e-03 6.389434025e-06 7.763441810e-06 5.914150944e-09
1.286665210e+01 7.870371281e-03 8.452773155e-03 7.839075933e-03 4.293968665e-06 2.698564148e-05 1.573818830e-08
1.364021210e+01 6.950390662e-03 7.294951933e-03 6.857500340e-03 2.865022550e-06 8.998576674e-05 3.953273327e-08
1.446027954e+01 6.288637061e-03 6.358023888e-03 5.998031912e-03 1.856202212e-06 2.886545726e-04 9.437422627e-08
1.532965052e+01 6.101288054e-03 5.529290594e-03 5.189739693e-03 1.217395905e-06 9.101070716e-04 2.238935555e-07
1.625128922e+01 7.257941397e-03 4.831979369e-03 4.503550466e-03 8.147317736e-07 2.753047885e-03 5.283133260e-07
1.722833804e+01 1.188655129e-02 4.222834771e-03 3.907103405e-03 5.583627060e-07 7.977679419e-03 1.210100395e-06
1.826412832e+01 2.400243497e-02 3.665995142e-03 3.379986255e-03 3.839968720e-07 2.061957108e-02 2.493636433e-06
1.936219168e+01 5.127401937e-02 3.158621160e-03 2.923700640e-03 2.596314174e-07 4.834553313e-02 4.525964091e-06
2.052627204e+01 1.087528001e-01 2.780752054e-03 2.591408626e-03 1.670380751e-07 1.061543157e-01 6.908657799e-06
2.176033844e+01 2.214629285e-01 2.484374911e-03 2.331516475e-03 9.633395935e-08 2.191224691e-01 8.846518944e-06
2.306859853e+01 4.342760222e-01 2.236529556e-03 2.110179286e-03 4.587263272e-08 4.321575138e-01 8.283233198e-06
2.445551294e+01 8.063769534e-01 1.966117416e-03 1.863470511e-03 1.441197843e-08 8.045088514e-01 4.617027297e-06
2.592581045e+01 1.472367767e+00 1.746730927e-03 1.661963614e-03 1.909148655e-09 1.470704939e+00 8.622975446e-07
2.748450419e+01 2.516418607e+00 1.544421562e-03 1.475116318e-03 8.780829374e-12 2.514943474e+00 1.636454206e-08
2.913690863e+01 4.139967611e+00 1.399402441e-03 1.340929784e-03 0.000000000e+00 4.138626682e+00 0.000000000e+00
3.088865780e+01 6.568876402e+00 1.230456721e-03 1.182554296e-03 0.000000000e+00 6.567693847e+00 0.000000000e+00
3.274572442e+01 1.001687730e+01 1.093334004e-03 1.053991976e-03 0.000000000e+00 1.001582331e+01 0.000000000e+00
3.471444033e+01 1.470593915e+01 9.964585286e-04 9.629776417e-04 0.000000000e+00 1.470497617e+01 0.000000000e+00
3.680151802e+01 2.075053372e+01 8.695594382e-04 8.425086541e-04 0.000000000e+00 2.074969121e+01 0.000000000e+00
3.901407356e+01 2.815797225e+01 7.848079607e-04 7.623377500e-04 0.000000000e+00 2.815720991e+01 0.000000000e+00
4.135965084e+01 3.695950635e+01 6.965939400e-04 6.783298985e-04 0.000000000e+00 3.695882802e+01 0.000000000e+00
4.384624730e+01 4.661972110e+01 6.108841684e-04 5.963667033e-04 0.000000000e+00 4.661912473e+01 0.000000000e+00
4.648234121e+01 5.738209707e+01 5.526263829e-04 5.406904501e-04 0.000000000e+00 5.738155638e+01 0.000000000e+00
4.927692053e+01 6.844077211e+01 4.816073167e-04 4.723340693e-04 0.000000000e+00 6.844029977e+01 0.000000000e+00
5.223951363e+01 7.959391338e+01 4.395822474e-04 4.319177902e-04 0.000000000e+00 7.959348147e+01 0.000000000e+00
5.538022172e+01 9.025073993e+01 3.842511790e-04 3.782493614e-04 0.000000000e+00 9.025036168e+01 0.000000000e+00
5.870975330e+01 9.894689690e+01 3.473082432e-04 3.424386367e-04 0.000000000e+00 9.894655446e+01 0.000000000e+00
6.223946068e+01 1.070318859e+02 3.049631108e-04 3.011927058e-04 0.000000000e+00 1.070315847e+02 0.000000000e+00
6.598137870e+01 1.129545219e+02 2.744643354e-04 2.714577503e-04 0.000000000e+00 1.129542505e+02 0.000000000e+00
6.994826574e+01 1.172703824e+02 2.427008428e-04 2.403458110e-04 0.000000000e+00 1.172701420e+02 0.000000000e+00
7.415364723e+01 1.193872296e+02 2.155399278e-04 2.137023189e-04 0.000000000e+00 1.193870159e+02 0.000000000e+00
7.861186177e+01 1.194336275e+02 1.914688434e-04 1.900195969e-04 0.000000000e+00 1.194334374e+02 0.000000000e+00
8.333811002e+01 1.183800100e+02 1.729638827e-04 1.718122775e-04 0.000000000e+00 1.183798382e+02 0.000000000e+00
8.834850651e+01 1.149400359e+02 1.531571010e-04 1.522554754e-04 0.000000000e+00 1.149398836e+02 0.000000000e+00
9.366013462e+01 1.106457583e+02 1.341488435e-04 1.334510164e-04 0.000000000e+00 1.106456248e+02 0.000000000e+00
9.929110477e+01 1.045113277e+02 7.713876407e-05 7.677724623e-05 0.000000000e+00 1.045112510e+02 0.000000000e+00
1.052606162e+02 9.759225218e+01 0.000000000e+00 0.000000000e+00 0.000000000e+00 9.759225218e+01 0.000000000e+00
1.115890226e+02 9.070807660e+01 0.000000000e+00 0.000000000e+00 0.000000000e+00 9.070807660e+01 0.000000000e+00
1.182979010e+02 8.416923065e+01 0.000000000e+00 0.000000000e+00 0.000000000e+00 8.416923065e+01 0.000000000e+00
1.254101260e+02 7.727565238e+01 0.000000000e+00 0.000000000e+00 0.000000000e+00 7.727565238e+01 0.000000000e+00
1.329499472e+02 7.112579305e+01 0.000000000e+00 0.000000000e+00 0.000000000e+00 7.112579305e+01 0.000000000e+00
1.409430725e+02 6.419742619e+01 0.000000000e+00 0.000000000e+00 0.000000000e+00 6.419742619e+01 0.000000000e+00
1.494167549e+02 5.618511440e+01 0.000000000e+00 0.000000000e+00 0.000000000e+00 5.618511440e+01 0.000000000e+00
1.583998862e+02 4.889972051e+01 0.000000000e+00 0.000000000e+00 0.000000000e+00 4.889972051e+01 0.000000000e+00
1.679230951e+02 4.204575838e+01 0.000000000e+00 0.000000000e+00 0.000000000e+00 4.204575838e+01 0.000000000e+00
1.780188519e+02 3.656070767e+01 0.000000000e+00 0.000000000e+00 0.000000000e+00 3.656070767e+01 0.000000000e+00
1.887215788e+02 3.124930903e+01 0.000000000e+00 0.000000000e+00 0.000000000e+00 3.124930903e+01 0.000000000e+00
2.000677676e+02 2.682690261e+01 0.000000000e+00 0.000000000e+00 0.000000000e+00 2.682690261e+01 0.000000000e+00
2.120961043e+02 2.300628609e+01 0.000000000e+00 0.000000000e+00 0.000000000e+00 2.300628609e+01 0.000000000e+00
2.248476003e+02 1.953348041e+01 0.000000000e+00 0.000000000e+00 0.000000000e+00 1.953348041e+01 0.000000000e+00
2.383657330e+02 1.648788605e+01 0.000000000e+00 0.000000000e+00 0.000000000e+00 1.648788605e+01 0.000000000e+00
2.526965935e+02 1.381755466e+01 0.000000000e+00 0.000000000e+00 0.000000000e+00 1.381755466e+01 0.000000000e+00
2.678890442e+02 1.159801047e+01 0.000000000e+00 0.000000000e+00 0.000000000e+00 1.159801047e+01 0.000000000e+00
2.839948849e+02 9.772474111e+00 0.000000000e+00 0.000000000e+00 0.000000000e+00 9.772474111e+00 0.000000000e+00
3.010690299e+02 8.172244822e+00 0.000000000e+00 0.000000000e+00 0.000000000e+00 8.172244822e+00 0.000000000e+00
3.191696949e+02 6.769476984e+00 0.000000000e+00 0.000000000e+00 0.000000000e+00 6.769476984e+00 0.000000000e+00
3.383585957e+02 5.542523612e+00 0.000000000e+00 0.000000000e+00 0.000000000e+00 5.542523612e+00 0.000000000e+00
3.587011583e+02 4.631585877e+00 0.000000000e+00 0.000000000e+00 0.000000000e+00 4.631585877e+00 0.000000000e+00
3.802667425e+02 3.770835712e+00 0.000000000e+00 0.000000000e+00 0.000000000e+00 3.770835712e+00 0.000000000e+00
4.031288779e+02 3.171406324e+00 0.000000000e+00 0.000000000e+00 0.000000000e+00 3.171406324e+00 0.000000000e+00
4.273655148e+02 2.584839778e+00 0.000000000e+00 0.000000000e+00 0.000000000e+00 2.584839778e+00 0.000000000e+00
4.530592901e+02 2.126984663e+00 0.000000000e+00 0.000000000e+00 0.000000000e+00 2.126984663e+00 0.000000000e+00
4.802978090e+02 1.745885759e+00 0.000000000e+00 0.000000000e+00 0.000000000e+00 1.745885759e+00 0.000000000e+00
5.091739433e+02 1.415471324e+00 0.000000000e+00 0.000000000e+00 0.000000000e+00 1.415471324e+00 0.000000000e+00
5.397861487e+02 1.143479113e+00 0.000000000e+00 0.000000000e+00 0.000000000e+00 1.143479113e+00 0.000000000e+00
5.722388000e+02 9.285404648e-01 0.000000000e+00 0.000000000e+00 0.000000000e+00 9.285404648e-01 0.000000000e+00
6.066425473e+02 7.588227105e-01 0.000000000e+00 0.000000000e+00 0.000000000e+00 7.588227105e-01 0.000000000e+00
6.431146930e+02 6.239658441e-01 0.000000000e+00 0.000000000e+00 0.000000000e+00 6.239658441e-01 0.000000000e+00
6.817795920e+02 5.036465037e-01 0.000000000e+00 0.000000000e+00 0.000000000e+00 5.036465037e-01 0.000000000e+00
7.227690754e+02 4.133855995e-01 0.000000000e+00 0.000000000e+00 0.000000000e+00 4.133855995e-01 0.000000000e+00
7.662229003e+02 3.298915242e-01 0.000000000e+00 0.000000000e+00 0.000000000e+00 3.298915242e-01 0.000000000e+00
8.122892262e+02 2.692014894e-01 0.000000000e+00 0.000000000e+00 0.000000000e+00 2.692014894e-01 0.000000000e+00
8.611251200e+02 2.185572220e-01 0.000000000e+00 0.000000000e+00 0.000000000e+00 2.185572220e-01 0.000000000e+00
9.128970918e+02 1.762153440e-01 0.000000000e+00 0.000000000e+00 0.000000000e+00 1.762153440e-01 0.000000000e+00
9.677816625e+02 1.410773943e-01 0.000000000e+00 0.000000000e+00 0.000000000e+00 1.410773943e-01 0.000000000e+00
1.025965966e+03 1.218691603e-01 0.000000000e+00 0.000000000e+00 0.000000000e+00 1.218691603e-01 0.000000000e+00
1.087648385e+03 1.085114332e-01 0.000000000e+00 0.000000000e+00 0.000000000e+00 1.085114332e-01 0.000000000e+00
1.153039233e+03 9.845638173e-02 0.000000000e+00 0.000000000e+00 0.000000000e+00 9.845638173e-02 0.000000000e+00
1.222361464e+03 8.761994030e-02 0.000000000e+00 0.000000000e+00 0.000000000e+00 8.761994030e-02 0.000000000e+00
1.295851439e+03 7.835183673e-02 0.000000000e+00 0.000000000e+00 0.000000000e+00 7.835183673e-02 0.000000000e+00
1.373759727e+03 7.033324348e-02 0.000000000e+00 0.000000000e+00 0.000000000e+00 7.033324348e-02 0.000000000e+00
1.456351964e+03 6.393754220e-02 0.000000000e+00 0.000000000e+00 0.000000000e+00 6.393754220e-02 0.000000000e+00
1.543909754e+03 5.704727359e-02 0.000000000e+00 0.000000000e+00 0.000000000e+00 5.704727359e-02 0.000000000e+00
1.636731634e+03 5.059397127e-02 0.000000000e+00 0.000000000e+00 0.000000000e+00 5.059397127e-02 0.000000000e+00
1.735134087e+03 4.565497289e-02 0.000000000e+00 0.000000000e+00 0.000000000e+00 4.565497289e-02 0.000000000e+00
1.839452624e+03 4.120307266e-02 0.000000000e+00 0.000000000e+00 0.000000000e+00 4.120307266e-02 0.000000000e+00
1.950042929e+03 3.674782384e-02 0.000000000e+00 0.000000000e+00 0.000000000e+00 3.674782384e-02 0.000000000e+00
2.067282068e+03 3.313350017e-02 0.000000000e+00 0.000000000e+00 0.000000000e+00 3.313350017e-02 0.000000000e+00
2.191569778e+03 2.940228638e-02 0.000000000e+00 0.000000000e+00 0.000000000e+00 2.940228638e-02 0.000000000e+00
2.323329827e+03 2.609313700e-02 0.000000000e+00 0.000000000e+00 0.000000000e+00 2.609313700e-02 0.000000000e+00
2.463011464e+03 2.380790620e-02 0.000000000e+00 0.000000000e+00 0.000000000e+00 2.380790620e-02 0.000000000e+00
2.611090944e+03 2.101489467e-02 0.000000000e+00 0.000000000e+00 0.000000000e+00 2.101489467e-02 0.000000000e+00
2.768073157e+03 1.884050772e-02 0.000000000e+00 0.000000000e+00 0.000000000e+00 1.884050772e-02 0.000000000e+00
2.934493346e+03 1.707538191e-02 0.000000000e+00 0.000000000e+00 0.000000000e+00 1.707538191e-02 0.000000000e+00
3.110918936e+03 1.492996393e-02 0.000000000e+00 0.000000000e+00 0.000000000e+00 1.492996393e-02 0.000000000e+00
3.297951463e+03 1.346224063e-02 0.000000000e+00 0.000000000e+00 0.000000000e+00 1.346224063e-02 0.000000000e+00
3.496228631e+03 1.208873568e-02 0.000000000e+00 0.000000000e+00 0.000000000e+00 1.208873568e-02 0.000000000e+00
3.706426483e+03 1.076228964e-02 0.000000000e+00 0.000000000e+00 0.000000000e+00 1.076228964e-02 0.000000000e+00
3.929261705e+03 9.590827433e-03 0.000000000e+00 0.000000000e+00 0.000000000e+00 9.590827433e-03 0.000000000e+00
4.165494073e+03 8.540901426e-03 0.000000000e+00 0.000000000e+00 0.000000000e+00 8.540901426e-03 0.000000000e+00
4.415929040e+03 7.651488043e-03 0.000000000e+00 0.000000000e+00 0.000000000e+00 7.651488043e-03 0.000000000e+00
4.681420487e+03 6.769373781e-03 0.000000000e+00 0.000000000e+00 0.000000000e+00 6.769373781e-03 0.000000000e+00
4.962873628e+03 6.046990285e-03 0.000000000e+00 0.000000000e+00 0.000000000e+00 6.046990285e-03 0.000000000e+00
5.261248100e+03 5.350915869e-03 0.000000000e+00 0.000000000e+00 0.000000000e+00 5.350915869e-03 0.000000000e+00
5.577561237e+03 4.856927937e-03 0.000000000e+00 0.000000000e+00 0.000000000e+00 4.856927937e-03 0.000000000e+00
5.912891535e+03 4.280873668e-03 0.000000000e+00 0.000000000e+00 0.000000000e+00 4.280873668e-03 0.000000000e+00
6.268382331e+03 3.849102910e-03 0.000000000e+00 0.000000000e+00 0.000000000e+00 3.849102910e-03 0.000000000e+00
6.645245699e+03 3.407887779e-03 0.000000000e+00 0.000000000e+00 0.000000000e+00 3.407887779e-03 0.000000000e+00
7.044766588e+03 3.063853326e-03 0.000000000e+00 0.000000000e+00 0.000000000e+00 3.063853326e-03 0.000000000e+00
7.468307196e+03 2.716597407e-03 0.000000000e+00 0.000000000e+00 0.000000000e+00 2.716597407e-03 0.000000000e+00
7.917311621e+03 2.414975624e-03 0.000000000e+00 0.000000000e+00 0.000000000e+00 2.414975624e-03 0.000000000e+00
8.393310782e+03 2.178899529e-03 0.000000000e+00 0.000000000e+00 0.000000000e+00 2.178899529e-03 0.000000000e+00
8.897927636e+03 1.937181321e-03 0.000000000e+00 0.000000000e+00 0.000000000e+00 1.937181321e-03 0.000000000e+00
9.432882717e+03 1.725357877e-03 0.000000000e+00 0.000000000e+00 0.000000000e+00 1.725357877e-03 0.000000000e+00
1.000000000e+04 1.389524945e-03 0.000000000e+00 0.000000000e+00 0.000000000e+00 1.389524945e-03 0.000000000e+00
