# column 1: wavelength (micron)
# column 2: total flux; F_nu (Jy)
# column 3: transparent flux; F_nu (Jy)
# column 4: direct primary flux; F_nu (Jy)
# column 5: scattered primary flux; F_nu (Jy)
# column 6: direct secondary flux; F_nu (Jy)
# column 7: scattered secondary flux; F_nu (Jy)
9.000000000e-02 7.981714924e-05 1.980769611e-01 7.451090242e-05 5.306246820e-06 0.000000000e+00 0.000000000e+00
9.541091806e-02 6.689627315e-04 1.388094647e+00 6.319323134e-04 3.703041814e-05 0.000000000e+00 0.000000000e+00
1.011471476e-01 1.280496867e-03 1.887383942e+00 1.196288357e-03 8.420850978e-05 0.000000000e+00 0.000000000e+00
1.072282468e-01 2.209658372e-03 2.331722677e+00 1.969603890e-03 2.400544825e-04 0.000000000e+00 0.000000000e+00
1.136749497e-01 2.683448946e-03 2.323709939e+00 2.365411919e-03 3.180370272e-04 0.000000000e+00 0.000000000e+00
1.205092367e-01 2.447157056e-03 1.933487266e+00 2.181722893e-03 2.654341629e-04 0.000000000e+00 0.000000000e+00
1.277544101e-01 3.936336173e-03 2.310475727e+00 3.333522678e-03 6.028134956e-04 0.000000000e+00 0.000000000e+00
1.354351729e-01 4.746833433e-03 2.322096562e+00 3.988615929e-03 7.582175046e-04 0.000000000e+00 0.000000000e+00
1.435777131e-01 5.240212631e-03 2.233911837e+00 4.394501876e-03 8.457107554e-04 0.000000000e+00 0.000000000e+00
1.522097936e-01 5.648572212e-03 2.124732777e+00 4.719426749e-03 9.291454630e-04 0.000000000e+00 0.000000000e+00
1.613608460e-01 6.003523256e-03 2.080055053e+00 4.901801050e-03 1.101722207e-03 0.000000000e+00 0.000000000e+00
1.710620718e-01 5.778577177e-03 2.050315364e+00 4.828392671e-03 9.501845054e-04 0.000000000e+00 0.000000000e+00
1.813465479e-01 5.383003401e-03 1.982333754e+00 4.710538025e-03 6.724653757e-04 0.000000000e+00 0.000000000e+00
1.922493402e-01 4.254151039e-03 1.887726288e+00 3.813471098e-03 4.406799412e-04 0.000000000e+00 0.000000000e+00
2.038076228e-01 2.709985831e-03 1.853507492e+00 2.474210984e-03 2.357748467e-04 0.000000000e+00 0.000000000e+00
2.160608044e-01 2.876019056e-03 1.821252416e+00 2.622151032e-03 2.538680243e-04 0.000000000e+00 0.000000000e+00
2.290506634e-01 3.511830704e-03 1.729904031e+00 3.154067349e-03 3.577633557e-04 0.000000000e+00 0.000000000e+00
2.428214897e-01 4.519289978e-03 1.662378824e+00 3.893703885e-03 6.255860930e-04 0.000000000e+00 0.000000000e+00
2.574202362e-01 6.166930870e-03 1.612776245e+00 5.199708383e-03 9.672224869e-04 0.000000000e+00 0.000000000e+00
2.728966785e-01 7.472147426e-03 1.577290798e+00 6.251451744e-03 1.220695682e-03 0.000000000e+00 0.000000000e+00
2.893035848e-01 8.576883145e-03 1.544496101e+00 7.150963559e-03 1.425919587e-03 0.000000000e+00 0.000000000e+00
3.066968958e-01 1.012302140e-02 1.494594496e+00 8.359308715e-03 1.763712689e-03 0.000000000e+00 0.000000000e+00
3.251359155e-01 1.130341986e-02 1.436304060e+00 9.349162938e-03 1.954256921e-03 0.000000000e+00 0.000000000e+00
3.446835132e-01 1.284602743e-02 1.397323117e+00 1.058601379e-02 2.260013637e-03 0.000000000e+00 0.000000000e+00
3.654063382e-01 1.540555903e-02 1.415721620e+00 1.268134214e-02 2.724216888e-03 0.000000000e+00 0.000000000e+00
3.873750465e-01 2.702352333e-02 1.977519906e+00 2.222320565e-02 4.800317685e-03 0.000000000e+00 0.000000000e+00
4.106645425e-01 3.525642151e-02 2.200046071e+00 2.900330075e-02 6.253120762e-03 0.000000000e+00 0.000000000e+00
4.353542335e-01 3.754627431e-02 2.116947513e+00 3.091020407e-02 6.636070243e-03 0.000000000e+00 0.000000000e+00
4.615283011e-01 4.374933669e-02 2.120778333e+00 3.585729723e-02 7.892039462e-03 0.000000000e+00 0.000000000e+00
4.892759879e-01 4.490275110e-02 1.982109075e+00 3.684295819e-02 8.059792906e-03 0.000000000e+00 0.000000000e+00
5.186919022e-01 4.931528815e-02 1.951312821e+00 4.050448001e-02 8.810808143e-03 0.000000000e+00 0.000000000e+00
5.498763397e-01 5.400899312e-02 1.919509544e+00 4.459313842e-02 9.415854693e-03 0.000000000e+00 0.000000000e+00
5.829356266e-01 5.925956835e-02 1.906779193e+00 4.876411391e-02 1.049545444e-02 0.000000000e+00 0.000000000e+00
6.179824811e-01 6.401194391e-02 1.878878270e+00 5.267239422e-02 1.133954969e-02 0.000000000e+00 0.000000000e+00
6.551363985e-01 6.739035713e-02 1.831194802e+00 5.527562613e-02 1.211473100e-02 0.000000000e+00 0.000000000e+00
6.945240582e-01 7.735040673e-02 1.840349288e+00 6.370979165e-02 1.364061509e-02 0.000000000e+00 0.000000000e+00
7.362797556e-01 8.377942736e-02 1.810548460e+00 6.894072163e-02 1.483870573e-02 0.000000000e+00 0.000000000e+00
7.805458603e-01 8.887845825e-02 1.783605339e+00 7.325357696e-02 1.562488129e-02 0.000000000e+00 0.000000000e+00
8.274733014e-01 9.728327051e-02 1.751260123e+00 8.052148760e-02 1.676178290e-02 0.000000000e+00 0.000000000e+00
8.772220817e-01 1.049689776e-01 1.745273430e+00 8.676526847e-02 1.820370910e-02 0.000000000e+00 0.000000000e+00
9.299618239e-01 1.160524277e-01 1.748732830e+00 9.628881386e-02 1.976361383e-02 0.000000000e+00 0.000000000e+00
9.858723487e-01 1.206839770e-01 1.693042251e+00 1.005883895e-01 2.009558751e-02 2.304172192e-142 6.723296343e-143
1.045144288e+00 1.285467362e-01 1.620195738e+00 1.075997887e-01 2.094694744e-02 1.301301614e-130 4.806486183e-132
1.107979733e+00 1.343656842e-01 1.538138684e+00 1.127439450e-01 2.162173920e-02 3.152579948e-123 5.695427040e-124
1.174592928e+00 1.397410115e-01 1.484230542e+00 1.176939499e-01 2.204706163e-02 9.762339626e-115 1.172639307e-114
1.245210996e+00 1.444187015e-01 1.434132208e+00 1.217181911e-01 2.270051038e-02 1.328386501e-108 2.686774614e-113
1.320074714e+00 1.504665748e-01 1.387511792e+00 1.280541796e-01 2.241239525e-02 4.609209248e-100 1.272729298e-100
1.399439338e+00 1.632969847e-01 1.355627841e+00 1.400450592e-01 2.325192552e-02 4.705129515e-94 1.010705022e-95
1.483575466e+00 1.739575190e-01 1.349342623e+00 1.500579069e-01 2.389961205e-02 2.639228324e-89 2.036496509e-91
1.572769969e+00 1.868244402e-01 1.348832695e+00 1.614487437e-01 2.537569651e-02 2.862412189e-84 6.128368156e-86
1.667326963e+00 2.017590608e-01 1.323198284e+00 1.761747180e-01 2.558434279e-02 3.354319139e-79 1.600646506e-79
1.767568847e+00 2.019642373e-01 1.228230942e+00 1.774470985e-01 2.451713874e-02 6.065157407e-73 5.814429462e-74
1.873837405e+00 2.027169888e-01 1.147547195e+00 1.799668488e-01 2.275013998e-02 9.559997460e-70 2.113540913e-70
1.986494968e+00 2.027749525e-01 1.051410343e+00 1.815316970e-01 2.124325554e-02 2.077227021e-69 4.104703603e-70
2.105925651e+00 2.023331135e-01 9.794205585e-01 1.822429486e-01 2.009016486e-02 7.238215299e-61 6.671688168e-62
2.232536664e+00 1.934589879e-01 8.935225427e-01 1.755163628e-01 1.794262508e-02 3.919196589e-57 6.293780375e-58
2.366759696e+00 1.821189320e-01 7.897414239e-01 1.666187598e-01 1.550017215e-02 1.290934393e-53 1.723777178e-54
2.509052394e+00 1.714258075e-01 6.981307874e-01 1.580936953e-01 1.333211216e-02 7.557063172e-51 7.908778819e-52
2.659899915e+00 1.794815167e-01 6.712907385e-01 1.669830481e-01 1.249846864e-02 2.857160805e-48 3.681133229e-49
2.819816587e+00 1.760360906e-01 6.267506973e-01 1.648598072e-01 1.117628337e-02 6.098333448e-45 5.405304307e-46
2.989347660e+00 1.702101108e-01 5.645898457e-01 1.604645321e-01 9.745578782e-03 9.157347483e-42 4.154662265e-43
3.169071162e+00 1.633020262e-01 5.151035358e-01 1.549598253e-01 8.342200897e-03 3.339408728e-39 2.341786339e-40
3.359599877e+00 1.586786958e-01 4.679224494e-01 1.516753246e-01 7.003371166e-03 4.067962651e-39 2.726737384e-40
3.561583429e+00 1.524672159e-01 4.259904951e-01 1.464200848e-01 6.047131110e-03 3.462022852e-35 1.593384487e-36
3.775710497e+00 1.440425491e-01 3.801447702e-01 1.390717970e-01 4.970752110e-03 1.628697458e-33 3.115936437e-35
4.002711165e+00 1.355076369e-01 3.415296007e-01 1.314162120e-01 4.091424893e-03 2.803391582e-30 3.337281798e-32
4.243359411e+00 1.291772777e-01 3.122450608e-01 1.257718851e-01 3.405392605e-03 2.193213015e-28 6.290329148e-30
4.498475745e+00 1.142366618e-01 2.615550826e-01 1.116938081e-01 2.542853692e-03 1.585732483e-26 1.380486933e-28
4.768930007e+00 1.067954444e-01 2.354407355e-01 1.047593258e-01 2.036118579e-03 4.831208559e-25 9.218116929e-27
5.055644335e+00 1.003815641e-01 2.128512072e-01 9.876454069e-02 1.617023442e-03 1.506855164e-23 2.509750895e-25
5.359596304e+00 9.523751342e-02 1.944318020e-01 9.393066983e-02 1.306843592e-03 1.019997711e-21 9.463302883e-24
5.681822265e+00 9.116102959e-02 1.791037046e-01 9.014250764e-02 1.018521947e-03 2.650103342e-20 3.201540978e-22
6.023420872e+00 8.518880401e-02 1.635833132e-01 8.439456344e-02 7.942405678e-04 2.233874099e-19 2.741592676e-21
6.385556837e+00 7.911847565e-02 1.475498612e-01 7.851592373e-02 6.025519217e-04 3.897120592e-18 5.390515940e-20
6.769464890e+00 7.156512516e-02 1.306336562e-01 7.111760075e-02 4.475244095e-04 1.600513277e-16 7.497397556e-19
7.176453999e+00 6.679597535e-02 1.201734809e-01 6.646843278e-02 3.275425721e-04 1.835532230e-15 9.894289456e-18
7.607911827e+00 5.701287536e-02 1.081484001e-01 5.680960750e-02 2.032678553e-04 1.186449824e-14 4.888268913e-17
8.065309466e+00 4.040154135e-02 9.708122086e-02 4.031471337e-02 8.682798729e-05 1.162134500e-13 2.863483148e-16
8.550206451e+00 2.566245234e-02 8.580852583e-02 2.563081055e-02 3.164178877e-05 5.982665656e-13 8.667580482e-16
9.064256079e+00 1.819425303e-02 7.805986761e-02 1.817903439e-02 1.521863404e-05 4.452430000e-12 3.359294908e-15
9.609211044e+00 1.436901875e-02 7.027602750e-02 1.435964580e-02 9.372896666e-06 5.761855221e-11 4.960819985e-14
1.018692942e+01 1.459919956e-02 6.382685445e-02 1.459036904e-02 8.830190582e-06 3.349193655e-10 1.888415991e-13
1.079938098e+01 1.466480742e-02 5.567579687e-02 1.465622098e-02 8.584850969e-06 1.585721364e-09 1.426085994e-12
1.144865393e+01 1.554167635e-02 4.887594280e-02 1.553331200e-02 8.345592979e-06 1.874359155e-08 1.090301813e-11
1.213696202e+01 1.613017883e-02 4.325053532e-02 1.612213291e-02 7.967978476e-06 7.787672061e-08 5.841934736e-11
1.286665210e+01 1.654139417e-02 3.860039935e-02 1.653360303e-02 7.218499796e-06 5.722821711e-07 3.526532523e-10
1.364021210e+01 1.639176836e-02 3.422266652e-02 1.638299663e-02 6.083012146e-06 2.687054700e-06 1.662457308e-09
1.446027954e+01 1.492184305e-02 3.049860710e-02 1.490556385e-02 4.284694304e-06 1.198908897e-05 5.418918461e-09
1.532965052e+01 1.264114517e-02 2.688431780e-02 1.259319236e-02 2.572088535e-06 4.536526286e-05 1.545505762e-08
1.625128922e+01 1.048745533e-02 2.381132625e-02 1.032071402e-02 1.494676084e-06 1.652049231e-04 4.171491147e-08
1.722833804e+01 9.026302464e-03 2.084040518e-02 8.478611508e-03 8.464778900e-07 5.467423961e-04 1.020811987e-07
1.826412832e+01 9.345462194e-03 1.872096349e-02 7.391790148e-03 5.233755025e-07 1.952887091e-03 2.615791848e-07
1.936219168e+01 1.287728889e-02 1.660665046e-02 6.742675576e-03 3.432073270e-07 6.133668716e-03 6.013931127e-07
2.052627204e+01 2.513088009e-02 1.461450413e-02 6.285111587e-03 2.307165772e-07 1.884408926e-02 1.448524278e-06
2.176033844e+01 6.109623477e-02 1.305634967e-02 5.924756088e-03 1.482696690e-07 5.516829587e-02 3.034539052e-06
2.306859853e+01 1.531930700e-01 1.158610327e-02 5.481241415e-03 8.567018138e-08 1.477062026e-01 5.540262493e-06
2.445551294e+01 3.661102064e-01 1.049326560e-02 5.186214461e-03 5.161419601e-08 3.609154489e-01 8.491386074e-06
2.592581045e+01 8.681505827e-01 9.300223985e-03 4.803848388e-03 2.779114874e-08 8.633356876e-01 1.101890569e-05
2.748450419e+01 1.956209817e+00 8.314386021e-03 4.453224304e-03 1.262900706e-08 1.951745374e+00 1.120587439e-05
2.913690863e+01 4.094132456e+00 7.278803483e-03 4.012693379e-03 3.239215562e-09 4.090112408e+00 7.350567599e-06
3.088865780e+01 8.139615251e+00 6.606723873e-03 3.775000813e-03 1.527235230e-10 8.135839194e+00 1.056052316e-06
3.274572442e+01 1.554227430e+01 5.834376965e-03 3.419708508e-03 0.000000000e+00 1.553885459e+01 0.000000000e+00
3.471444033e+01 2.779667138e+01 5.155285639e-03 3.114547784e-03 0.000000000e+00 2.779355683e+01 0.000000000e+00
3.680151802e+01 4.733460084e+01 4.649921659e-03 2.892606854e-03 0.000000000e+00 4.733170823e+01 0.000000000e+00
3.901407356e+01 7.603125974e+01 4.130368387e-03 2.660288702e-03 0.000000000e+00 7.602859945e+01 0.000000000e+00
4.135965084e+01 1.182119612e+02 3.627494503e-03 2.394408520e-03 0.000000000e+00 1.182095667e+02 0.000000000e+00
4.384624730e+01 1.763296738e+02 3.264936397e-03 2.225347199e-03 0.000000000e+00 1.763274485e+02 0.000000000e+00
4.648234121e+01 2.508184679e+02 2.911672106e-03 2.045844860e-03 0.000000000e+00 2.508164221e+02 0.000000000e+00
4.927692053e+01 3.477020243e+02 2.591124062e-03 1.870970474e-03 0.000000000e+00 3.477001534e+02 0.000000000e+00
5.223951363e+01 4.593222420e+02 2.317944773e-03 1.717769034e-03 0.000000000e+00 4.593205242e+02 0.000000000e+00
5.538022172e+01 5.884110506e+02 2.050810366e-03 1.562467067e-03 0.000000000e+00 5.884094881e+02 0.000000000e+00
5.870975330e+01 7.261758423e+02 1.845077580e-03 1.443465592e-03 0.000000000e+00 7.261743989e+02 0.000000000e+00
6.223946068e+01 8.763608494e+02 1.608830091e-03 1.284669811e-03 0.000000000e+00 8.763595647e+02 0.000000000e+00
6.598137870e+01 1.026650412e+03 1.452227411e-03 1.185913995e-03 0.000000000e+00 1.026649227e+03 0.000000000e+00
6.994826574e+01 1.168092133e+03 1.287973587e-03 1.075791997e-03 0.000000000e+00 1.168091057e+03 0.000000000e+00
7.415364723e+01 1.299703699e+03 1.119427617e-03 9.504020994e-04 0.000000000e+00 1.299702748e+03 0.000000000e+00
7.861186177e+01 1.400592558e+03 1.009831821e-03 8.714247447e-04 0.000000000e+00 1.400591687e+03 0.000000000e+00
8.333811002e+01 1.485569320e+03 8.982425798e-04 7.876645391e-04 0.000000000e+00 1.485568533e+03 0.000000000e+00
8.834850651e+01 1.553957300e+03 8.018893724e-04 7.122688233e-04 0.000000000e+00 1.553956588e+03 0.000000000e+00
9.366013462e+01 1.592945835e+03 7.128418167e-04 6.421955946e-04 0.000000000e+00 1.592945193e+03 0.000000000e+00
9.929110477e+01 1.594137213e+03 4.023818493e-04 3.655105263e-04 0.000000000e+00 1.594136847e+03 0.000000000e+00
1.052606162e+02 1.559674660e+03 0.000000000e+00 0.000000000e+00 0.000000000e+00 1.559674660e+03 0.000000000e+00
1.115890226e+02 1.525252973e+03 0.000000000e+00 0.000000000e+00 0.000000000e+00 1.525252973e+03 0.000000000e+00
1.182979010e+02 1.463904329e+03 0.000000000e+00 0.000000000e+00 0.000000000e+00 1.463904329e+03 0.000000000e+00
1.254101260e+02 1.385579759e+03 0.000000000e+00 0.000000000e+00 0.000000000e+00 1.385579759e+03 0.000000000e+00
1.329499472e+02 1.301055998e+03 0.000000000e+00 0.000000000e+00 0.000000000e+00 1.301055998e+03 0.000000000e+00
1.409430725e+02 1.192991534e+03 0.000000000e+00 0.000000000e+00 0.000000000e+00 1.192991534e+03 0.000000000e+00
1.494167549e+02 1.094633000e+03 0.000000000e+00 0.000000000e+00 0.000000000e+00 1.094633000e+03 0.000000000e+00
1.583998862e+02 9.913406670e+02 0.000000000e+00 0.000000000e+00 0.000000000e+00 9.913406670e+02 0.000000000e+00
1.679230951e+02 8.838897018e+02 0.000000000e+00 0.000000000e+00 0.000000000e+00 8.838897018e+02 0.000000000e+00
1.780188519e+02 7.843088972e+02 0.000000000e+00 0.000000000e+00 0.000000000e+00 7.843088972e+02 0.000000000e+00
1.887215788e+02 6.869529222e+02 0.000000000e+00 0.000000000e+00 0.000000000e+00 6.869529222e+02 0.000000000e+00
2.000677676e+02 6.026085989e+02 0.000000000e+00 0.000000000e+00 0.000000000e+00 6.026085989e+02 0.000000000e+00
2.120961043e+02 5.226459334e+02 0.000000000e+00 0.000000000e+00 0.000000000e+00 5.226459334e+02 0.000000000e+00
2.248476003e+02 4.520873630e+02 0.000000000e+00 0.000000000e+00 0.000000000e+00 4.520873630e+02 0.000000000e+00
2.383657330e+02 3.896915375e+02 0.000000000e+00 0.000000000e+00 0.000000000e+00 3.896915375e+02 0.000000000e+00
2.526965935e+02 3.308166527e+02 0.000000000e+00 0.000000000e+00 0.000000000e+00 3.308166527e+02 0.000000000e+00
2.678890442e+02 2.814354699e+02 0.000000000e+00 0.000000000e+00 0.000000000e+00 2.814354699e+02 0.000000000e+00
2.839948849e+02 2.399928084e+02 0.000000000e+00 0.000000000e+00 0.000000000e+00 2.399928084e+02 0.000000000e+00
3.010690299e+02 2.004498921e+02 0.000000000e+00 0.000000000e+00 0.000000000e+00 2.004498921e+02 0.000000000e+00
3.191696949e+02 1.685404154e+02 0.000000000e+00 0.000000000e+00 0.000000000e+00 1.685404154e+02 0.000000000e+00
3.383585957e+02 1.417023083e+02 0.000000000e+00 0.000000000e+00 0.000000000e+00 1.417023083e+02 0.000000000e+00
3.587011583e+02 1.166721895e+02 0.000000000e+00 0.000000000e+00 0.000000000e+00 1.166721895e+02 0.000000000e+00
3.802667425e+02 9.835156088e+01 0.000000000e+00 0.000000000e+00 0.000000000e+00 9.835156088e+01 0.000000000e+00
4.031288779e+02 8.140379348e+01 0.000000000e+00 0.000000000e+00 0.000000000e+00 8.140379348e+01 0.000000000e+00
4.273655148e+02 6.673884934e+01 0.000000000e+00 0.000000000e+00 0.000000000e+00 6.673884934e+01 0.000000000e+00
4.530592901e+02 5.524854661e+01 0.000000000e+00 0.000000000e+00 0.000000000e+00 5.524854661e+01 0.000000000e+00
4.802978090e+02 4.504375530e+01 0.000000000e+00 0.000000000e+00 0.000000000e+00 4.504375530e+01 0.000000000e+00
5.091739433e+02 3.688611215e+01 0.000000000e+00 0.000000000e+00 0.000000000e+00 3.688611215e+01 0.000000000e+00
5.397861487e+02 3.030533883e+01 0.000000000e+00 0.000000000e+00 0.000000000e+00 3.030533883e+01 0.000000000e+00
5.722388000e+02 2.490155624e+01 0.000000000e+00 0.000000000e+00 0.000000000e+00 2.490155624e+01 0.000000000e+00
6.066425473e+02 2.021087983e+01 0.000000000e+00 0.000000000e+00 0.000000000e+00 2.021087983e+01 0.000000000e+00
6.431146930e+02 1.634396381e+01 0.000000000e+00 0.000000000e+00 0.000000000e+00 1.634396381e+01 0.000000000e+00
6.817795920e+02 1.348279989e+01 0.000000000e+00 0.000000000e+00 0.000000000e+00 1.348279989e+01 0.000000000e+00
7.227690754e+02 1.087261515e+01 0.000000000e+00 0.000000000e+00 0.000000000e+00 1.087261515e+01 0.000000000e+00
7.662229003e+02 8.860097609e+00 0.000000000e+00 0.000000000e+00 0.000000000e+00 8.860097609e+00 0.000000000e+00
8.122892262e+02 7.172887257e+00 0.000000000e+00 0.000000000e+00 0.000000000e+00 7.172887257e+00 0.000000000e+00
8.611251200e+02 5.786326781e+00 0.000000000e+00 0.000000000e+00 0.000000000e+00 5.786326781e+00 0.000000000e+00
9.128970918e+02 4.666313732e+00 0.000000000e+00 0.000000000e+00 0.000000000e+00 4.666313732e+00 0.000000000e+00
9.677816625e+02 3.784091741e+00 0.000000000e+00 0.000000000e+00 0.000000000e+00 3.784091741e+00 0.000000000e+00
1.025965966e+03 3.181863172e+00 0.000000000e+00 0.000000000e+00 0.000000000e+00 3.181863172e+00 0.000000000e+00
1.087648385e+03 2.871751123e+00 0.000000000e+00 0.000000000e+00 0.000000000e+00 2.871751123e+00 0.000000000e+00
1.153039233e+03 2.595273310e+00 0.000000000e+00 0.000000000e+00 0.000000000e+00 2.595273310e+00 0.000000000e+00
1.222361464e+03 2.326138143e+00 0.000000000e+00 0.000000000e+00 0.000000000e+00 2.326138143e+00 0.000000000e+00
1.295851439e+03 2.077941308e+00 0.000000000e+00 0.000000000e+00 0.000000000e+00 2.077941308e+00 0.000000000e+00
1.373759727e+03 1.894024579e+00 0.000000000e+00 0.000000000e+00 0.000000000e+00 1.894024579e+00 0.000000000e+00
1.456351964e+03 1.674271011e+00 0.000000000e+00 0.000000000e+00 0.000000000e+00 1.674271011e+00 0.000000000e+00
1.543909754e+03 1.525752011e+00 0.000000000e+00 0.000000000e+00 0.000000000e+00 1.525752011e+00 0.000000000e+00
1.636731634e+03 1.369643046e+00 0.000000000e+00 0.000000000e+00 0.000000000e+00 1.369643046e+00 0.000000000e+00
1.735134087e+03 1.233106116e+00 0.000000000e+00 0.000000000e+00 0.000000000e+00 1.233106116e+00 0.000000000e+00
1.839452624e+03 1.105945286e+00 0.000000000e+00 0.000000000e+00 0.000000000e+00 1.105945286e+00 0.000000000e+00
1.950042929e+03 9.922692552e-01 0.000000000e+00 0.000000000e+00 0.000000000e+00 9.922692552e-01 0.000000000e+00
2.067282068e+03 8.926680980e-01 0.000000000e+00 0.000000000e+00 0.000000000e+00 8.926680980e-01 0.000000000e+00
2.191569778e+03 7.954971389e-01 0.000000000e+00 0.000000000e+00 0.000000000e+00 7.954971389e-01 0.000000000e+00
2.323329827e+03 7.035335525e-01 0.000000000e+00 0.000000000e+00 0.000000000e+00 7.035335525e-01 0.000000000e+00
2.463011464e+03 6.417927323e-01 0.000000000e+00 0.000000000e+00 0.000000000e+00 6.417927323e-01 0.000000000e+00
2.611090944e+03 5.668300961e-01 0.000000000e+00 0.000000000e+00 0.000000000e+00 5.668300961e-01 0.000000000e+00
2.768073157e+03 5.101150364e-01 0.000000000e+00 0.000000000e+00 0.000000000e+00 5.101150364e-01 0.000000000e+00
2.934493346e+03 4.550254612e-01 0.000000000e+00 0.000000000e+00 0.000000000e+00 4.550254612e-01 0.000000000e+00
3.110918936e+03 4.104005281e-01 0.000000000e+00 0.000000000e+00 0.000000000e+00 4.104005281e-01 0.000000000e+00
3.297951463e+03 3.659422820e-01 0.000000000e+00 0.000000000e+00 0.000000000e+00 3.659422820e-01 0.000000000e+00
3.496228631e+03 3.271894527e-01 0.000000000e+00 0.000000000e+00 0.000000000e+00 3.271894527e-01 0.000000000e+00
3.706426483e+03 2.893446651e-01 0.000000000e+00 0.000000000e+00 0.000000000e+00 2.893446651e-01 0.000000000e+00
3.929261705e+03 2.585858508e-01 0.000000000e+00 0.000000000e+00 0.000000000e+00 2.585858508e-01 0.000000000e+00
4.165494073e+03 2.332301043e-01 0.000000000e+00 0.000000000e+00 0.000000000e+00 2.332301043e-01 0.000000000e+00
4.415929040e+03 2.096069804e-01 0.000000000e+00 0.000000000e+00 0.000000000e+00 2.096069804e-01 0.000000000e+00
4.681420487e+03 1.839846843e-01 0.000000000e+00 0.000000000e+00 0.000000000e+00 1.839846843e-01 0.000000000e+00
4.962873628e+03 1.666288337e-01 0.000000000e+00 0.000000000e+00 0.000000000e+00 1.666288337e-01 0.000000000e+00
5.261248100e+03 1.474715626e-01 0.000000000e+00 0.000000000e+00 0.000000000e+00 1.474715626e-01 0.000000000e+00
5.577561237e+03 1.322759073e-01 0.000000000e+00 0.000000000e+00 0.000000000e+00 1.322759073e-01 0.000000000e+00
5.912891535e+03 1.167956257e-01 0.000000000e+00 0.000000000e+00 0.000000000e+00 1.167956257e-01 0.000000000e+00
6.268382331e+03 1.038553153e-01 0.000000000e+00 0.000000000e+00 0.000000000e+00 1.038553153e-01 0.000000000e+00
6.645245699e+03 9.339311026e-02 0.000000000e+00 0.000000000e+00 0.000000000e+00 9.339311026e-02 0.000000000e+00
7.044766588e+03 8.379940798e-02 0.000000000e+00 0.000000000e+00 0.000000000e+00 8.379940798e-02 0.000000000e+00
7.468307196e+03 7.294004513e-02 0.000000000e+00 0.000000000e+00 0.000000000e+00 7.294004513e-02 0.000000000e+00
7.917311621e+03 6.520185764e-02 0.000000000e+00 0.000000000e+00 0.000000000e+00 6.520185764e-02 0.000000000e+00
8.393310782e+03 5.847609459e-02 0.000000000e+00 0.000000000e+00 0.000000000e+00 5.847609459e-02 0.000000000e+00
8.897927636e+03 5.267454089e-02 0.000000000e+00 0.000000000e+00 0.000000000e+00 5.267454089e-02 0.000000000e+00
9.432882717e+03 4.680876481e-02 0.000000000e+00 0.000000000e+00 0.000000000e+00 4.680876481e-02 0.000000000e+00
1.000000000e+04 3.789975109e-02 0.000000000e+00 0.000000000e+00 0.000000000e+00 3.789975109e-02 0.000000000e+00
