# column 1: wavelength (micron)
# column 2: total flux; F_nu (Jy)
# column 3: transparent flux; F_nu (Jy)
# column 4: direct primary flux; F_nu (Jy)
# column 5: scattered primary flux; F_nu (Jy)
# column 6: direct secondary flux; F_nu (Jy)
# column 7: scattered secondary flux; F_nu (Jy)
9.000000000e-02 6.424722522e-04 2.049924329e-01 4.300127858e-04 2.124594664e-04 0.000000000e+00 0.000000000e+00
9.541091806e-02 1.163147244e-02 1.416252276e+00 7.160149991e-03 4.471322447e-03 0.000000000e+00 0.000000000e+00
1.011471476e-01 2.875878760e-02 1.914067527e+00 1.649226240e-02 1.226652520e-02 0.000000000e+00 0.000000000e+00
1.072282468e-01 5.290293017e-02 2.349568942e+00 2.939403347e-02 2.350889670e-02 0.000000000e+00 0.000000000e+00
1.136749497e-01 5.974090058e-02 2.360203864e+00 3.295899845e-02 2.678190212e-02 0.000000000e+00 0.000000000e+00
1.205092367e-01 4.153103562e-02 1.955129119e+00 2.311122708e-02 1.841980854e-02 0.000000000e+00 0.000000000e+00
1.277544101e-01 6.386551774e-02 2.340021739e+00 3.555425680e-02 2.831126094e-02 0.000000000e+00 0.000000000e+00
1.354351729e-01 6.998376831e-02 2.340760483e+00 3.914648273e-02 3.083728558e-02 0.000000000e+00 0.000000000e+00
1.435777131e-01 7.264743364e-02 2.257174362e+00 4.044111819e-02 3.220631545e-02 0.000000000e+00 0.000000000e+00
1.522097936e-01 7.262024263e-02 2.136079978e+00 4.072170703e-02 3.189853560e-02 0.000000000e+00 0.000000000e+00
1.613608460e-01 7.350340323e-02 2.104991624e+00 4.183899006e-02 3.166441317e-02 0.000000000e+00 0.000000000e+00
1.710620718e-01 7.386795051e-02 2.067171573e+00 4.101476004e-02 3.285319047e-02 0.000000000e+00 0.000000000e+00
1.813465479e-01 7.558255447e-02 1.997220418e+00 4.004824728e-02 3.553430719e-02 0.000000000e+00 0.000000000e+00
1.922493402e-01 7.291935445e-02 1.919083552e+00 3.695680805e-02 3.596254640e-02 0.000000000e+00 0.000000000e+00
2.038076228e-01 7.319502121e-02 1.862853081e+00 3.561285737e-02 3.758216385e-02 0.000000000e+00 0.000000000e+00
2.160608044e-01 7.320210523e-02 1.846444737e+00 3.390538260e-02 3.929672262e-02 0.000000000e+00 0.000000000e+00
2.290506634e-01 7.642312436e-02 1.750691498e+00 3.364505567e-02 4.277806870e-02 0.000000000e+00 0.000000000e+00
2.428214897e-01 7.797621649e-02 1.670281397e+00 3.255684597e-02 4.541937052e-02 0.000000000e+00 0.000000000e+00
2.574202362e-01 8.091850980e-02 1.613035896e+00 3.295126808e-02 4.796724172e-02 0.000000000e+00 0.000000000e+00
2.728966785e-01 8.790498969e-02 1.594196371e+00 3.456984232e-02 5.333514737e-02 0.000000000e+00 0.000000000e+00
2.893035848e-01 9.060313519e-02 1.544785783e+00 3.599316943e-02 5.460996576e-02 0.000000000e+00 0.000000000e+00
3.066968958e-01 8.988958856e-02 1.494833973e+00 3.606253102e-02 5.382705754e-02 0.000000000e+00 0.000000000e+00
3.251359155e-01 9.186270174e-02 1.451048957e+00 3.723253033e-02 5.463017141e-02 0.000000000e+00 0.000000000e+00
3.446835132e-01 9.345431705e-02 1.406460223e+00 3.732535947e-02 5.612895758e-02 0.000000000e+00 0.000000000e+00
3.654063382e-01 9.681928470e-02 1.414280515e+00 3.914936571e-02 5.766991899e-02 0.000000000e+00 0.000000000e+00
3.873750465e-01 1.597033717e-01 1.988617844e+00 6.538441286e-02 9.431895888e-02 0.000000000e+00 0.000000000e+00
4.106645425e-01 1.927825813e-01 2.213532230e+00 7.914945918e-02 1.136331221e-01 0.000000000e+00 0.000000000e+00
4.353542335e-01 1.876194888e-01 2.106217770e+00 7.746402045e-02 1.101554683e-01 0.000000000e+00 0.000000000e+00
4.615283011e-01 1.975746750e-01 2.126950397e+00 8.100472438e-02 1.165699506e-01 0.000000000e+00 0.000000000e+00
4.892759879e-01 1.824227694e-01 1.981897475e+00 7.500276352e-02 1.074200059e-01 0.000000000e+00 0.000000000e+00
5.186919022e-01 1.923965291e-01 1.959116091e+00 7.991457602e-02 1.124819531e-01 0.000000000e+00 0.000000000e+00
5.498763397e-01 1.946121727e-01 1.912804979e+00 8.234148925e-02 1.122706835e-01 0.000000000e+00 0.000000000e+00
5.829356266e-01 1.932824990e-01 1.901577431e+00 8.201314651e-02 1.112693525e-01 0.000000000e+00 0.000000000e+00
6.179824811e-01 2.021400217e-01 1.876773221e+00 8.519991556e-02 1.169401062e-01 0.000000000e+00 0.000000000e+00
6.551363985e-01 2.047659196e-01 1.843999140e+00 8.636840510e-02 1.183975145e-01 0.000000000e+00 0.000000000e+00
6.945240582e-01 2.125632834e-01 1.857960192e+00 9.135171069e-02 1.212115728e-01 0.000000000e+00 0.000000000e+00
7.362797556e-01 2.224369624e-01 1.814402215e+00 9.601093752e-02 1.264260249e-01 0.000000000e+00 0.000000000e+00
7.805458603e-01 2.317427579e-01 1.793873236e+00 1.002309029e-01 1.315118550e-01 0.000000000e+00 0.000000000e+00
8.274733014e-01 2.296903180e-01 1.749874965e+00 1.000571505e-01 1.296331674e-01 0.000000000e+00 0.000000000e+00
8.772220817e-01 2.458602938e-01 1.758192018e+00 1.092866018e-01 1.365736921e-01 0.000000000e+00 0.000000000e+00
9.299618239e-01 2.543511224e-01 1.744051243e+00 1.135005635e-01 1.408505588e-01 0.000000000e+00 0.000000000e+00
9.858723487e-01 2.582051323e-01 1.701734246e+00 1.193332055e-01 1.388719268e-01 1.274400218e-93 1.303092527e-86
1.045144288e+00 2.587679771e-01 1.626471432e+00 1.206136301e-01 1.381543470e-01 7.321805323e-88 3.121931961e-80
1.107979733e+00 2.509982301e-01 1.550436159e+00 1.202278591e-01 1.307703710e-01 1.149198982e-82 1.496953343e-74
1.174592928e+00 2.554205893e-01 1.474877585e+00 1.242082633e-01 1.312123260e-01 4.252764906e-78 2.327781819e-72
1.245210996e+00 2.537293888e-01 1.430096454e+00 1.261935782e-01 1.275358106e-01 5.609735169e-73 1.555502269e-67
1.320074714e+00 2.554041986e-01 1.375589141e+00 1.316851842e-01 1.237190144e-01 1.053385735e-68 1.526012745e-62
1.399439338e+00 2.710871057e-01 1.357895148e+00 1.461398728e-01 1.249472329e-01 4.106511821e-64 1.151190421e-58
1.483575466e+00 2.825079674e-01 1.342052843e+00 1.553178849e-01 1.271900826e-01 2.010531063e-60 2.440675272e-56
1.572769969e+00 2.974927458e-01 1.346791232e+00 1.675673359e-01 1.299254099e-01 1.365309453e-56 2.219815605e-52
1.667326963e+00 3.063697352e-01 1.307928581e+00 1.786665749e-01 1.277031603e-01 3.905273266e-53 6.003732885e-50
1.767568847e+00 3.043148329e-01 1.234436838e+00 1.839289152e-01 1.203859177e-01 1.075828128e-49 7.142910902e-47
1.873837405e+00 2.987456422e-01 1.140143874e+00 1.864832413e-01 1.122624008e-01 1.152591834e-46 1.052562352e-45
1.986494968e+00 2.998187331e-01 1.063779711e+00 1.942141873e-01 1.056045458e-01 4.899015940e-44 3.840512913e-42
2.105925651e+00 2.929358033e-01 9.941189744e-01 1.952850000e-01 9.765080327e-02 5.097397653e-41 3.016088554e-39
2.232536664e+00 2.798585395e-01 8.991537392e-01 1.915191224e-01 8.833941706e-02 1.454693459e-38 5.838780835e-37
2.366759696e+00 2.604294059e-01 7.895429828e-01 1.847587577e-01 7.567064818e-02 7.197871844e-36 9.726481808e-35
2.509052394e+00 2.455627155e-01 7.051115964e-01 1.789190420e-01 6.664367350e-02 1.762551127e-33 1.552744292e-32
2.659899915e+00 2.499275621e-01 6.687700538e-01 1.885253659e-01 6.140219616e-02 1.857690479e-31 2.634509164e-30
2.819816587e+00 2.491961959e-01 6.316079545e-01 1.924896231e-01 5.670657280e-02 2.658169900e-29 1.145480205e-28
2.989347660e+00 2.354666015e-01 5.648732045e-01 1.868835179e-01 4.858308365e-02 2.638724092e-27 3.589645925e-27
3.169071162e+00 2.240707439e-01 5.115073904e-01 1.819152872e-01 4.215545674e-02 1.505512931e-25 2.578393780e-25
3.359599877e+00 2.177020965e-01 4.690830623e-01 1.817345504e-01 3.596754612e-02 8.881511786e-24 7.436918914e-24
3.561583429e+00 2.099068288e-01 4.290144812e-01 1.793292477e-01 3.057758113e-02 3.659989166e-22 2.948584022e-22
3.775710497e+00 1.935221245e-01 3.782023979e-01 1.685943791e-01 2.492774548e-02 1.194526375e-20 7.986462435e-21
4.002711165e+00 1.835085478e-01 3.413555831e-01 1.626279064e-01 2.088064141e-02 2.282967321e-19 8.295439924e-20
4.243359411e+00 1.739656654e-01 3.108443996e-01 1.568771891e-01 1.708847629e-02 6.590249719e-18 2.242146872e-18
4.498475745e+00 1.534138014e-01 2.635060508e-01 1.403207686e-01 1.309303287e-02 1.142497456e-16 2.642447207e-17
4.768930007e+00 1.424278055e-01 2.349943673e-01 1.320811763e-01 1.034662919e-02 1.893932001e-15 3.159244320e-16
5.055644335e+00 1.323098832e-01 2.116417836e-01 1.241768117e-01 8.133071594e-03 2.147344696e-14 2.996809695e-15
5.359596304e+00 1.265515255e-01 1.954583562e-01 1.199450980e-01 6.606427486e-03 2.509970164e-13 3.055374061e-14
5.681822265e+00 1.217422991e-01 1.810697848e-01 1.165353663e-01 5.206932807e-03 2.509573689e-12 2.241479551e-13
6.023420872e+00 1.119252116e-01 1.631694324e-01 1.078572462e-01 4.067965377e-03 2.223695405e-11 1.756032274e-12
6.385556837e+00 1.050482047e-01 1.490493150e-01 1.019164841e-01 3.131720446e-03 1.428506137e-10 8.530421569e-12
6.769464890e+00 9.653017549e-02 1.334808186e-01 9.419220386e-02 2.337970523e-03 1.055312693e-09 5.227740009e-11
7.176453999e+00 8.650982456e-02 1.180080298e-01 8.482027524e-02 1.689542794e-03 6.283855445e-09 2.435037193e-10
7.607911827e+00 7.704187664e-02 1.057351512e-01 7.590220920e-02 1.139634609e-03 3.191761204e-08 9.215548280e-10
8.065309466e+00 6.453510496e-02 9.641002366e-02 6.386615013e-02 6.688162652e-04 1.357568178e-07 2.806558861e-09
8.550206451e+00 5.025515157e-02 8.655290312e-02 4.990441285e-02 3.502412199e-04 4.902592357e-07 7.239534219e-09
9.064256079e+00 4.049053647e-02 7.827683064e-02 4.028165207e-02 2.070718372e-04 1.792796915e-06 1.975940733e-08
9.609211044e+00 3.348194748e-02 6.938120029e-02 3.333334917e-02 1.417807534e-04 6.755031820e-06 6.252473406e-08
1.018692942e+01 3.246339887e-02 6.299823502e-02 3.231137959e-02 1.243261934e-04 2.745707425e-05 2.360091747e-07
1.079938098e+01 3.141890116e-02 5.588136142e-02 3.120477924e-02 1.090439186e-04 1.043111468e-04 7.668534424e-07
1.144865393e+01 3.102418701e-02 4.984717744e-02 3.056313978e-02 9.449354500e-05 3.641810981e-04 2.372590836e-06
1.213696202e+01 2.978536751e-02 4.334263679e-02 2.860202383e-02 7.686383402e-05 1.100478192e-03 6.001659143e-06
1.286665210e+01 3.078832776e-02 3.900057140e-02 2.753253214e-02 6.324802603e-05 3.177890833e-03 1.465676499e-05
1.364021210e+01 3.354037580e-02 3.402007707e-02 2.531350872e-02 4.704622805e-05 8.149976780e-03 2.984407378e-05
1.446027954e+01 4.365041434e-02 3.030658085e-02 2.288164842e-02 3.294775820e-05 2.067768731e-02 5.813085556e-05
1.532965052e+01 7.094519957e-02 2.688540351e-02 1.995086930e-02 2.189358110e-05 5.086522224e-02 1.072144509e-04
1.625128922e+01 1.383912224e-01 2.374236472e-02 1.708616409e-02 1.403283350e-05 1.210934279e-01 1.975975888e-04
1.722833804e+01 2.836865667e-01 2.123678545e-02 1.485085374e-02 9.698299290e-06 2.684820572e-01 3.439574116e-04
1.826412832e+01 5.870435533e-01 1.877354483e-02 1.307408197e-02 7.021075813e-06 5.733536898e-01 6.087604387e-04
1.936219168e+01 1.195349139e+00 1.635894835e-02 1.146944883e-02 5.192614470e-06 1.182804090e+00 1.070407101e-03
2.052627204e+01 2.339075587e+00 1.468038710e-02 1.058221304e-02 4.086890029e-06 2.326721487e+00 1.767800404e-03
2.176033844e+01 4.275790282e+00 1.305712634e-02 9.681060923e-03 3.082283739e-06 4.263459290e+00 2.646847979e-03
2.306859853e+01 7.724241818e+00 1.163998784e-02 8.793640548e-03 2.268454991e-06 7.711558925e+00 3.886983994e-03
2.445551294e+01 1.323196299e+01 1.048460302e-02 8.071983923e-03 1.661476351e-06 1.321851622e+01 5.373117973e-03
2.592581045e+01 2.246510959e+01 9.188125007e-03 7.198280482e-03 1.205613844e-06 2.245061622e+01 7.293883140e-03
2.748450419e+01 3.630524453e+01 8.278072905e-03 6.595134952e-03 8.626356181e-07 3.628932233e+01 9.326208615e-03
2.913690863e+01 5.632827361e+01 7.340137316e-03 5.922440867e-03 6.026654948e-07 5.631094553e+01 1.140503855e-02
3.088865780e+01 8.562190551e+01 6.559292284e-03 5.363972869e-03 4.001804211e-07 8.560317309e+01 1.336804963e-02
3.274572442e+01 1.266174529e+02 5.838697679e-03 4.830621260e-03 2.731573921e-07 1.265977422e+02 1.487973713e-02
3.471444033e+01 1.786469629e+02 5.161002691e-03 4.323703033e-03 1.792555242e-07 1.786273937e+02 1.524534005e-02
3.680151802e+01 2.451848602e+02 4.660261508e-03 3.943329306e-03 1.116769308e-07 2.451662076e+02 1.470917126e-02
3.901407356e+01 3.250915032e+02 4.140388455e-03 3.552930640e-03 6.825388882e-08 3.250751130e+02 1.283715808e-02
4.135965084e+01 4.217954512e+02 3.667427987e-03 3.183074980e-03 3.817469312e-08 4.217823801e+02 9.887907621e-03
4.384624730e+01 5.245554824e+02 3.263091433e-03 2.863985383e-03 1.761916094e-08 5.245463201e+02 6.298237538e-03
4.648234121e+01 6.370797034e+02 2.880305240e-03 2.560582615e-03 6.437138836e-09 6.370739316e+02 3.211223163e-03
4.927692053e+01 7.459860110e+02 2.601169599e-03 2.336590370e-03 1.980621772e-09 7.459824801e+02 1.194312986e-03
5.223951363e+01 8.581261323e+02 2.318093430e-03 2.104739882e-03 3.392454998e-10 8.581237019e+02 3.255990261e-04
5.538022172e+01 9.567419160e+02 2.034656383e-03 1.865235577e-03 3.204036398e-11 9.567399988e+02 5.190768330e-05
5.870975330e+01 1.049175636e+03 1.822469348e-03 1.685864049e-03 1.142439474e-12 1.049173944e+03 5.646129574e-06
6.223946068e+01 1.117713811e+03 1.604183629e-03 1.497118106e-03 0.000000000e+00 1.117712313e+03 1.467962949e-06
6.598137870e+01 1.173350275e+03 1.433403613e-03 1.347166002e-03 0.000000000e+00 1.173348928e+03 0.000000000e+00
6.994826574e+01 1.204587530e+03 1.282205209e-03 1.213343308e-03 0.000000000e+00 1.204586316e+03 0.000000000e+00
7.415364723e+01 1.203224342e+03 1.140750086e-03 1.086982966e-03 0.000000000e+00 1.203223255e+03 0.000000000e+00
7.861186177e+01 1.205056781e+03 1.014583885e-03 9.721026668e-04 0.000000000e+00 1.205055809e+03 0.000000000e+00
8.333811002e+01 1.172251418e+03 9.041231263e-04 8.705182498e-04 0.000000000e+00 1.172250547e+03 0.000000000e+00
8.834850651e+01 1.126569582e+03 8.002899499e-04 7.741067454e-04 0.000000000e+00 1.126568808e+03 0.000000000e+00
9.366013462e+01 1.071499497e+03 7.019998632e-04 6.815279685e-04 0.000000000e+00 1.071498816e+03 0.000000000e+00
9.929110477e+01 1.001209316e+03 4.027819318e-04 3.921999659e-04 0.000000000e+00 1.001208923e+03 0.000000000e+00
1.052606162e+02 9.338266848e+02 0.000000000e+00 0.000000000e+00 0.000000000e+00 9.338266848e+02 0.000000000e+00
1.115890226e+02 8.522730899e+02 0.000000000e+00 0.000000000e+00 0.000000000e+00 8.522730899e+02 0.000000000e+00
1.182979010e+02 7.861397012e+02 0.000000000e+00 0.000000000e+00 0.000000000e+00 7.861397012e+02 0.000000000e+00
1.254101260e+02 7.226347991e+02 0.000000000e+00 0.000000000e+00 0.000000000e+00 7.226347991e+02 0.000000000e+00
1.329499472e+02 6.586942595e+02 0.000000000e+00 0.000000000e+00 0.000000000e+00 6.586942595e+02 0.000000000e+00
1.409430725e+02 5.890868587e+02 0.000000000e+00 0.000000000e+00 0.000000000e+00 5.890868587e+02 0.000000000e+00
1.494167549e+02 5.103652818e+02 0.000000000e+00 0.000000000e+00 0.000000000e+00 5.103652818e+02 0.000000000e+00
1.583998862e+02 4.413635587e+02 0.000000000e+00 0.000000000e+00 0.000000000e+00 4.413635587e+02 0.000000000e+00
1.679230951e+02 3.733533118e+02 0.000000000e+00 0.000000000e+00 0.000000000e+00 3.733533118e+02 0.000000000e+00
1.780188519e+02 3.197966057e+02 0.000000000e+00 0.000000000e+00 0.000000000e+00 3.197966057e+02 0.000000000e+00
1.887215788e+02 2.735932120e+02 0.000000000e+00 0.000000000e+00 0.000000000e+00 2.735932120e+02 0.000000000e+00
2.000677676e+02 2.324277692e+02 0.000000000e+00 0.000000000e+00 0.000000000e+00 2.324277692e+02 0.000000000e+00
2.120961043e+02 1.980333741e+02 0.000000000e+00 0.000000000e+00 0.000000000e+00 1.980333741e+02 0.000000000e+00
2.248476003e+02 1.652881426e+02 0.000000000e+00 0.000000000e+00 0.000000000e+00 1.652881426e+02 0.000000000e+00
2.383657330e+02 1.407053886e+02 0.000000000e+00 0.000000000e+00 0.000000000e+00 1.407053886e+02 0.000000000e+00
2.526965935e+02 1.182536103e+02 0.000000000e+00 0.000000000e+00 0.000000000e+00 1.182536103e+02 0.000000000e+00
2.678890442e+02 9.830763872e+01 0.000000000e+00 0.000000000e+00 0.000000000e+00 9.830763872e+01 0.000000000e+00
2.839948849e+02 8.203107123e+01 0.000000000e+00 0.000000000e+00 0.000000000e+00 8.203107123e+01 0.000000000e+00
3.010690299e+02 6.788949101e+01 0.000000000e+00 0.000000000e+00 0.000000000e+00 6.788949101e+01 0.000000000e+00
3.191696949e+02 5.603166843e+01 0.000000000e+00 0.000000000e+00 0.000000000e+00 5.603166843e+01 0.000000000e+00
3.383585957e+02 4.660792479e+01 0.000000000e+00 0.000000000e+00 0.000000000e+00 4.660792479e+01 0.000000000e+00
3.587011583e+02 3.863556346e+01 0.000000000e+00 0.000000000e+00 0.000000000e+00 3.863556346e+01 0.000000000e+00
3.802667425e+02 3.171969397e+01 0.000000000e+00 0.000000000e+00 0.000000000e+00 3.171969397e+01 0.000000000e+00
4.031288779e+02 2.588176305e+01 0.000000000e+00 0.000000000e+00 0.000000000e+00 2.588176305e+01 0.000000000e+00
4.273655148e+02 2.109467034e+01 0.000000000e+00 0.000000000e+00 0.000000000e+00 2.109467034e+01 0.000000000e+00
4.530592901e+02 1.738282950e+01 0.000000000e+00 0.000000000e+00 0.000000000e+00 1.738282950e+01 0.000000000e+00
4.802978090e+02 1.426799003e+01 0.000000000e+00 0.000000000e+00 0.000000000e+00 1.426799003e+01 0.000000000e+00
5.091739433e+02 1.163821182e+01 0.000000000e+00 0.000000000e+00 0.000000000e+00 1.163821182e+01 0.000000000e+00
5.397861487e+02 9.349049254e+00 0.000000000e+00 0.000000000e+00 0.000000000e+00 9.349049254e+00 0.000000000e+00
5.722388000e+02 7.561814472e+00 0.000000000e+00 0.000000000e+00 0.000000000e+00 7.561814472e+00 0.000000000e+00
6.066425473e+02 6.281693416e+00 0.000000000e+00 0.000000000e+00 0.000000000e+00 6.281693416e+00 0.000000000e+00
6.431146930e+02 5.042989945e+00 0.000000000e+00 0.000000000e+00 0.000000000e+00 5.042989945e+00 0.000000000e+00
6.817795920e+02 4.095059765e+00 0.000000000e+00 0.000000000e+00 0.000000000e+00 4.095059765e+00 0.000000000e+00
7.227690754e+02 3.277302487e+00 0.000000000e+00 0.000000000e+00 0.000000000e+00 3.277302487e+00 0.000000000e+00
7.662229003e+02 2.678453135e+00 0.000000000e+00 0.000000000e+00 0.000000000e+00 2.678453135e+00 0.000000000e+00
8.122892262e+02 2.151468547e+00 0.000000000e+00 0.000000000e+00 0.000000000e+00 2.151468547e+00 0.000000000e+00
8.611251200e+02 1.738673267e+00 0.000000000e+00 0.000000000e+00 0.000000000e+00 1.738673267e+00 0.000000000e+00
9.128970918e+02 1.409597935e+00 0.000000000e+00 0.000000000e+00 0.000000000e+00 1.409597935e+00 0.000000000e+00
9.677816625e+02 1.145767359e+00 0.000000000e+00 0.000000000e+00 0.000000000e+00 1.145767359e+00 0.000000000e+00
1.025965966e+03 9.586900709e-01 0.000000000e+00 0.000000000e+00 0.000000000e+00 9.586900709e-01 0.000000000e+00
1.087648385e+03 8.585829970e-01 0.000000000e+00 0.000000000e+00 0.000000000e+00 8.585829970e-01 0.000000000e+00
1.153039233e+03 7.794968857e-01 0.000000000e+00 0.000000000e+00 0.000000000e+00 7.794968857e-01 0.000000000e+00
1.222361464e+03 6.984865293e-01 0.000000000e+00 0.000000000e+00 0.000000000e+00 6.984865293e-01 0.000000000e+00
1.295851439e+03 6.272487668e-01 0.000000000e+00 0.000000000e+00 0.000000000e+00 6.272487668e-01 0.000000000e+00
1.373759727e+03 5.624425156e-01 0.000000000e+00 0.000000000e+00 0.000000000e+00 5.624425156e-01 0.000000000e+00
1.456351964e+03 5.027321304e-01 0.000000000e+00 0.000000000e+00 0.000000000e+00 5.027321304e-01 0.000000000e+00
1.543909754e+03 4.497516541e-01 0.000000000e+00 0.000000000e+00 0.000000000e+00 4.497516541e-01 0.000000000e+00
1.636731634e+03 4.151569080e-01 0.000000000e+00 0.000000000e+00 0.000000000e+00 4.151569080e-01 0.000000000e+00
1.735134087e+03 3.687983529e-01 0.000000000e+00 0.000000000e+00 0.000000000e+00 3.687983529e-01 0.000000000e+00
1.839452624e+03 3.233799754e-01 0.000000000e+00 0.000000000e+00 0.000000000e+00 3.233799754e-01 0.000000000e+00
1.950042929e+03 2.899593116e-01 0.000000000e+00 0.000000000e+00 0.000000000e+00 2.899593116e-01 0.000000000e+00
2.067282068e+03 2.641281048e-01 0.000000000e+00 0.000000000e+00 0.000000000e+00 2.641281048e-01 0.000000000e+00
2.191569778e+03 2.359890596e-01 0.000000000e+00 0.000000000e+00 0.000000000e+00 2.359890596e-01 0.000000000e+00
2.323329827e+03 2.091058458e-01 0.000000000e+00 0.000000000e+00 0.000000000e+00 2.091058458e-01 0.000000000e+00
2.463011464e+03 1.888195893e-01 0.000000000e+00 0.000000000e+00 0.000000000e+00 1.888195893e-01 0.000000000e+00
2.611090944e+03 1.683538788e-01 0.000000000e+00 0.000000000e+00 0.000000000e+00 1.683538788e-01 0.000000000e+00
2.768073157e+03 1.500513789e-01 0.000000000e+00 0.000000000e+00 0.000000000e+00 1.500513789e-01 0.000000000e+00
2.934493346e+03 1.325968720e-01 0.000000000e+00 0.000000000e+00 0.000000000e+00 1.325968720e-01 0.000000000e+00
3.110918936e+03 1.185642805e-01 0.000000000e+00 0.000000000e+00 0.000000000e+00 1.185642805e-01 0.000000000e+00
3.297951463e+03 1.065066802e-01 0.000000000e+00 0.000000000e+00 0.000000000e+00 1.065066802e-01 0.000000000e+00
3.496228631e+03 9.474452869e-02 0.000000000e+00 0.000000000e+00 0.000000000e+00 9.474452869e-02 0.000000000e+00
3.706426483e+03 8.596706761e-02 0.000000000e+00 0.000000000e+00 0.000000000e+00 8.596706761e-02 0.000000000e+00
3.929261705e+03 7.594017054e-02 0.000000000e+00 0.000000000e+00 0.000000000e+00 7.594017054e-02 0.000000000e+00
4.165494073e+03 6.756720018e-02 0.000000000e+00 0.000000000e+00 0.000000000e+00 6.756720018e-02 0.000000000e+00
4.415929040e+03 6.024797459e-02 0.000000000e+00 0.000000000e+00 0.000000000e+00 6.024797459e-02 0.000000000e+00
4.681420487e+03 5.401076784e-02 0.000000000e+00 0.000000000e+00 0.000000000e+00 5.401076784e-02 0.000000000e+00
4.962873628e+03 4.768119208e-02 0.000000000e+00 0.000000000e+00 0.000000000e+00 4.768119208e-02 0.000000000e+00
5.261248100e+03 4.260845219e-02 0.000000000e+00 0.000000000e+00 0.000000000e+00 4.260845219e-02 0.000000000e+00
5.577561237e+03 3.795561652e-02 0.000000000e+00 0.000000000e+00 0.000000000e+00 3.795561652e-02 0.000000000e+00
5.912891535e+03 3.397688734e-02 0.000000000e+00 0.000000000e+00 0.000000000e+00 3.397688734e-02 0.000000000e+00
6.268382331e+03 3.047195980e-02 0.000000000e+00 0.000000000e+00 0.000000000e+00 3.047195980e-02 0.000000000e+00
6.645245699e+03 2.726654594e-02 0.000000000e+00 0.000000000e+00 0.000000000e+00 2.726654594e-02 0.000000000e+00
7.044766588e+03 2.421831442e-02 0.000000000e+00 0.000000000e+00 0.000000000e+00 2.421831442e-02 0.000000000e+00
7.468307196e+03 2.144680329e-02 0.000000000e+00 0.000000000e+00 0.000000000e+00 2.144680329e-02 0.000000000e+00
7.917311621e+03 1.902920327e-02 0.000000000e+00 0.000000000e+00 0.000000000e+00 1.902920327e-02 0.000000000e+00
8.393310782e+03 1.719887466e-02 0.000000000e+00 0.000000000e+00 0.000000000e+00 1.719887466e-02 0.000000000e+00
8.897927636e+03 1.523447288e-02 0.000000000e+00 0.000000000e+00 0.000000000e+00 1.523447288e-02 0.000000000e+00
9.432882717e+03 1.351799332e-02 0.000000000e+00 0.000000000e+00 0.000000000e+00 1.351799332e-02 0.000000000e+00
1.000000000e+04 1.092186622e-02 0.000000000e+00 0.000000000e+00 0.000000000e+00 1.092186622e-02 0.000000000e+00
