# column 1: wavelength (micron)
# column 2: total flux; F_nu (Jy)
# column 3: transparent flux; F_nu (Jy)
# column 4: direct primary flux; F_nu (Jy)
# column 5: scattered primary flux; F_nu (Jy)
# column 6: direct secondary flux; F_nu (Jy)
# column 7: scattered secondary flux; F_nu (Jy)
9.000000000e-02 9.129256503e-05 3.387809566e-02 3.627545267e-05 5.501711235e-05 0.000000000e+00 0.000000000e+00
9.541091806e-02 9.098493797e-04 1.751603294e-01 3.506600456e-04 5.591893341e-04 0.000000000e+00 0.000000000e+00
1.011471476e-01 3.074379259e-03 2.051494181e-01 1.157998300e-03 1.916380959e-03 0.000000000e+00 0.000000000e+00
1.072282468e-01 8.336374763e-03 2.209634684e-01 3.113373448e-03 5.223001315e-03 0.000000000e+00 0.000000000e+00
1.136749497e-01 1.470669968e-02 2.133258107e-01 5.604412914e-03 9.102286770e-03 0.000000000e+00 0.000000000e+00
1.205092367e-01 1.840418879e-02 1.906146351e-01 7.064830251e-03 1.133935854e-02 0.000000000e+00 0.000000000e+00
1.277544101e-01 2.473255733e-02 1.994250222e-01 9.617829310e-03 1.511472802e-02 0.000000000e+00 0.000000000e+00
1.354351729e-01 2.803166859e-02 1.912338257e-01 1.102565615e-02 1.700601244e-02 0.000000000e+00 0.000000000e+00
1.435777131e-01 2.983857962e-02 1.779209505e-01 1.201284940e-02 1.782573022e-02 0.000000000e+00 0.000000000e+00
1.522097936e-01 3.085697919e-02 1.686967344e-01 1.312810282e-02 1.772887638e-02 0.000000000e+00 0.000000000e+00
1.613608460e-01 3.053483790e-02 1.606725508e-01 1.320320886e-02 1.733162903e-02 0.000000000e+00 0.000000000e+00
1.710620718e-01 2.787926981e-02 1.554187486e-01 1.177322639e-02 1.610604342e-02 0.000000000e+00 0.000000000e+00
1.813465479e-01 2.261759765e-02 1.485414314e-01 8.998224138e-03 1.361937351e-02 0.000000000e+00 0.000000000e+00
1.922493402e-01 1.512822666e-02 1.393881561e-01 5.714688210e-03 9.413538451e-03 0.000000000e+00 0.000000000e+00
2.038076228e-01 9.137217267e-03 1.302284353e-01 3.274782719e-03 5.862434548e-03 0.000000000e+00 0.000000000e+00
2.160608044e-01 8.222478362e-03 1.275748109e-01 2.796667376e-03 5.425810987e-03 0.000000000e+00 0.000000000e+00
2.290506634e-01 1.252271306e-02 1.193198082e-01 3.865149525e-03 8.657563532e-03 0.000000000e+00 0.000000000e+00
2.428214897e-01 1.894386850e-02 1.116974243e-01 5.430941838e-03 1.351292666e-02 0.000000000e+00 0.000000000e+00
2.574202362e-01 2.344168114e-02 1.036483294e-01 6.538383475e-03 1.690329766e-02 0.000000000e+00 0.000000000e+00
2.728966785e-01 2.545919293e-02 9.700289508e-02 7.056489056e-03 1.840270387e-02 0.000000000e+00 0.000000000e+00
2.893035848e-01 2.606834211e-02 9.116992109e-02 7.390890115e-03 1.867745199e-02 0.000000000e+00 0.000000000e+00
3.066968958e-01 2.570245089e-02 8.353107807e-02 7.424879054e-03 1.827757184e-02 0.000000000e+00 0.000000000e+00
3.251359155e-01 2.509302666e-02 7.710300561e-02 7.195649753e-03 1.789737691e-02 0.000000000e+00 0.000000000e+00
3.446835132e-01 2.369944985e-02 7.018317610e-02 6.804814855e-03 1.689463500e-02 0.000000000e+00 0.000000000e+00
3.654063382e-01 2.315020719e-02 6.611572819e-02 6.801619048e-03 1.634858815e-02 0.000000000e+00 0.000000000e+00
3.873750465e-01 2.706357045e-02 7.453981515e-02 8.343300230e-03 1.872027022e-02 0.000000000e+00 0.000000000e+00
4.106645425e-01 2.789975975e-02 7.333149692e-02 8.913086530e-03 1.898667322e-02 0.000000000e+00 0.000000000e+00
4.353542335e-01 2.644563438e-02 6.708077775e-02 8.591008305e-03 1.785462608e-02 0.000000000e+00 0.000000000e+00
4.615283011e-01 2.556417698e-02 6.302942065e-02 8.425664868e-03 1.713851211e-02 0.000000000e+00 0.000000000e+00
4.892759879e-01 2.355681994e-02 5.644399130e-02 7.904094857e-03 1.565272508e-02 0.000000000e+00 0.000000000e+00
5.186919022e-01 2.269983684e-02 5.280994599e-02 7.963341699e-03 1.473649514e-02 0.000000000e+00 0.000000000e+00
5.498763397e-01 2.174533878e-02 4.863410712e-02 7.889170428e-03 1.385616836e-02 0.000000000e+00 0.000000000e+00
5.829356266e-01 2.071442888e-02 4.516453067e-02 7.797536123e-03 1.291689275e-02 0.000000000e+00 0.000000000e+00
6.179824811e-01 2.015181622e-02 4.221759955e-02 7.694398470e-03 1.245741775e-02 0.000000000e+00 0.000000000e+00
6.551363985e-01 1.932926066e-02 3.934343996e-02 7.575280037e-03 1.175398062e-02 0.000000000e+00 0.000000000e+00
6.945240582e-01 1.900419925e-02 3.751827174e-02 7.768042044e-03 1.123615721e-02 0.000000000e+00 0.000000000e+00
7.362797556e-01 1.838469746e-02 3.473698981e-02 7.875451655e-03 1.050924580e-02 0.000000000e+00 0.000000000e+00
7.805458603e-01 1.762626091e-02 3.226903226e-02 7.899605482e-03 9.726655428e-03 0.000000000e+00 0.000000000e+00
8.274733014e-01 1.688859061e-02 2.995910695e-02 7.767591495e-03 9.120999120e-03 0.000000000e+00 0.000000000e+00
8.772220817e-01 1.682536341e-02 2.896817049e-02 7.976477662e-03 8.848885746e-03 0.000000000e+00 0.000000000e+00
9.299618239e-01 1.651576334e-02 2.765254465e-02 8.221224943e-03 8.294538394e-03 0.000000000e+00 0.000000000e+00
9.858723487e-01 1.580398239e-02 2.547756640e-02 8.266618146e-03 7.537364248e-03 5.454091956e-93 5.873638271e-93
1.045144288e+00 1.488615052e-02 2.333313536e-02 8.182029524e-03 6.704120994e-03 2.188611682e-87 2.134591021e-87
1.107979733e+00 1.398613280e-02 2.136839217e-02 7.982080302e-03 6.004052495e-03 3.905494061e-82 3.468922322e-82
1.174592928e+00 1.303678633e-02 1.946562678e-02 7.698221666e-03 5.338564662e-03 4.217249960e-77 3.316635624e-77
1.245210996e+00 1.225246757e-02 1.787068221e-02 7.581083140e-03 4.671384430e-03 1.962409351e-72 1.390292185e-72
1.320074714e+00 1.163950453e-02 1.651126167e-02 7.579130088e-03 4.060374440e-03 5.164910914e-68 3.193520019e-68
1.399439338e+00 1.093849336e-02 1.511352517e-02 7.442912520e-03 3.495580838e-03 7.374876515e-64 3.840835879e-64
1.483575466e+00 1.032693738e-02 1.397446217e-02 7.321458581e-03 3.005478801e-03 6.645623531e-60 3.270544831e-60
1.572769969e+00 9.903888139e-03 1.309780908e-02 7.249392370e-03 2.654495769e-03 3.506768426e-56 1.478683435e-56
1.667326963e+00 9.370876440e-03 1.213861303e-02 7.096719461e-03 2.274156979e-03 1.054535652e-52 3.942956694e-53
1.767568847e+00 8.800068310e-03 1.120827335e-02 6.895830567e-03 1.904237743e-03 2.150005285e-49 6.702001399e-50
1.873837405e+00 8.193244650e-03 1.025378297e-02 6.623687925e-03 1.569556725e-03 2.671646762e-46 7.365121279e-47
1.986494968e+00 7.579646549e-03 9.319940334e-03 6.299123935e-03 1.280522614e-03 2.188226809e-43 5.116596343e-44
2.105925651e+00 7.059979130e-03 8.549934901e-03 5.999139955e-03 1.060839175e-03 1.256359182e-40 2.541937832e-41
2.232536664e+00 6.519724655e-03 7.785477691e-03 5.654739998e-03 8.649846568e-04 4.957187430e-38 8.603388394e-39
2.366759696e+00 5.936833488e-03 6.989085611e-03 5.245753608e-03 6.910798808e-04 1.356401110e-35 2.000169338e-36
2.509052394e+00 5.355142693e-03 6.225769329e-03 4.816881952e-03 5.382607410e-04 2.705913135e-33 3.345356920e-34
2.659899915e+00 5.040183044e-03 5.776428928e-03 4.610687765e-03 4.294952787e-04 4.111021876e-31 4.284978284e-32
2.819816587e+00 4.714547349e-03 5.340610298e-03 4.375001766e-03 3.395455830e-04 4.355247893e-29 3.814309967e-30
2.989347660e+00 4.174372464e-03 4.682729179e-03 3.916721689e-03 2.576507753e-04 3.651678112e-27 2.657339696e-28
3.169071162e+00 3.774414216e-03 4.190909601e-03 3.578462594e-03 1.959516219e-04 2.205318252e-25 1.336893871e-26
3.359599877e+00 3.513308319e-03 3.862166660e-03 3.363579691e-03 1.497286280e-04 1.118710108e-23 5.580321118e-25
3.561583429e+00 3.173329821e-03 3.458199375e-03 3.061683261e-03 1.116465594e-04 4.536050369e-22 1.844780443e-23
3.775710497e+00 2.848161873e-03 3.081738408e-03 2.764878434e-03 8.328343925e-05 1.379509003e-20 4.631664243e-22
4.002711165e+00 2.605078785e-03 2.798093815e-03 2.542745852e-03 6.233293325e-05 3.457948626e-19 9.447757869e-21
4.243359411e+00 2.369404031e-03 2.526769330e-03 2.323681780e-03 4.572225051e-05 7.325228839e-18 1.624462781e-19
4.498475745e+00 2.102937568e-03 2.230739349e-03 2.069726217e-03 3.321135097e-05 1.315876864e-16 2.346311013e-18
4.768930007e+00 1.889884952e-03 1.994393961e-03 1.865817305e-03 2.406764663e-05 1.823991482e-15 2.623194300e-17
5.055644335e+00 1.709373478e-03 1.795395893e-03 1.691950861e-03 1.742261654e-05 2.252149449e-14 2.591373870e-16
5.359596304e+00 1.533509629e-03 1.603219575e-03 1.521128923e-03 1.238070644e-05 2.410342513e-13 2.207036517e-15
5.681822265e+00 1.398685105e-03 1.456516569e-03 1.389785859e-03 8.899243777e-06 2.199746143e-12 1.593262736e-14
6.023420872e+00 1.263587044e-03 1.311383029e-03 1.257232050e-03 6.354976444e-06 1.801424333e-11 1.034604458e-13
6.385556837e+00 1.132121060e-03 1.171659578e-03 1.127619558e-03 4.501375932e-06 1.254479972e-10 5.682906825e-13
6.769464890e+00 1.002590494e-03 1.034912609e-03 9.994726664e-04 3.117056690e-06 7.681485242e-10 2.717002470e-12
7.176453999e+00 9.105690045e-04 9.379606878e-04 9.083643504e-04 2.200263230e-06 4.378738439e-09 1.208879769e-11
7.607911827e+00 8.051383000e-04 8.307351862e-04 8.036172156e-04 1.499457187e-06 2.158120770e-08 4.597863279e-11
8.065309466e+00 7.199442588e-04 7.518338738e-04 7.187852525e-04 1.045993827e-06 1.128242262e-07 1.882571878e-10
8.550206451e+00 6.288378394e-04 6.708133285e-04 6.275303171e-04 7.358245692e-07 5.709179993e-07 7.797019146e-10
9.064256079e+00 5.522982695e-04 6.003235482e-04 5.490893779e-04 5.500576063e-07 2.655680301e-06 3.153691988e-09
9.609211044e+00 5.030766669e-04 5.445790578e-04 4.920250883e-04 4.376867891e-07 1.060255296e-05 1.133888073e-08
1.018692942e+01 4.737663719e-04 4.795132787e-04 4.381780039e-04 3.320861759e-07 3.522448884e-05 3.179304505e-08
1.079938098e+01 5.006353749e-04 4.285255584e-04 3.980323207e-04 2.456072574e-07 1.022825805e-04 7.486649560e-08
1.144865393e+01 6.227753997e-04 3.771984552e-04 3.558718135e-04 1.720820273e-07 2.665783113e-04 1.531928838e-07
1.213696202e+01 9.692180951e-04 3.350706748e-04 3.200326943e-04 1.204898564e-07 6.487746271e-04 2.902838306e-07
1.286665210e+01 1.739482918e-03 2.988685719e-04 2.881685701e-04 8.317071590e-08 1.450735703e-03 4.954749073e-07
1.364021210e+01 3.543087601e-03 2.629672042e-04 2.551972389e-04 5.535421511e-08 3.286988344e-03 8.466642277e-07
1.446027954e+01 7.498534047e-03 2.318877368e-04 2.254902602e-04 3.652145377e-08 7.271605127e-03 1.402138818e-06
1.532965052e+01 1.742216937e-02 2.046628328e-04 1.984991754e-04 2.475044750e-08 1.722106581e-02 2.579631999e-06
1.625128922e+01 4.013021728e-02 1.816612439e-04 1.755259905e-04 1.684043767e-08 3.995030221e-02 4.372240757e-06
1.722833804e+01 8.677000387e-02 1.604169081e-04 1.544227226e-04 7.196871665e-09 8.661151553e-02 4.058420739e-06
1.826412832e+01 1.734257058e-01 1.409544753e-04 1.354765561e-04 1.136620339e-09 1.732891029e-01 1.125250170e-06
1.936219168e+01 3.131170067e-01 1.261062978e-04 1.213747988e-04 2.636234718e-10 3.129955948e-01 3.683466624e-08
2.052627204e+01 5.200642295e-01 1.113098286e-04 1.075233026e-04 5.631916736e-11 5.199567062e-01 2.841388284e-13
2.176033844e+01 8.256393366e-01 9.945559420e-05 9.637716100e-05 9.798390034e-13 8.255429594e-01 1.372973603e-19
2.306859853e+01 1.288289309e+00 8.812333454e-05 8.563717863e-05 0.000000000e+00 1.288203672e+00 0.000000000e+00
2.445551294e+01 1.926327518e+00 7.852341215e-05 7.648667379e-05 0.000000000e+00 1.926251032e+00 0.000000000e+00
2.592581045e+01 2.783805451e+00 7.020064892e-05 6.852478986e-05 0.000000000e+00 2.783736926e+00 0.000000000e+00
2.748450419e+01 3.898069428e+00 6.208336099e-05 6.070667126e-05 0.000000000e+00 3.898008721e+00 0.000000000e+00
2.913690863e+01 5.405274191e+00 5.517613014e-05 5.403961888e-05 0.000000000e+00 5.405220152e+00 0.000000000e+00
3.088865780e+01 7.180105213e+00 4.920103214e-05 4.825663421e-05 0.000000000e+00 7.180056957e+00 0.000000000e+00
3.274572442e+01 9.365058014e+00 4.369834090e-05 4.291940717e-05 0.000000000e+00 9.365015095e+00 0.000000000e+00
3.471444033e+01 1.214130060e+01 3.908947314e-05 3.844070396e-05 0.000000000e+00 1.214126216e+01 0.000000000e+00
3.680151802e+01 1.505410767e+01 3.459934469e-05 3.406943793e-05 0.000000000e+00 1.505407360e+01 0.000000000e+00
3.901407356e+01 1.838253407e+01 3.100245829e-05 3.056638719e-05 0.000000000e+00 1.838250350e+01 0.000000000e+00
4.135965084e+01 2.203442900e+01 2.722840762e-05 2.687861218e-05 0.000000000e+00 2.203440212e+01 0.000000000e+00
4.384624730e+01 2.586670425e+01 2.456979396e-05 2.428286773e-05 0.000000000e+00 2.586667997e+01 0.000000000e+00
4.648234121e+01 2.959790871e+01 2.153779232e-05 2.131003680e-05 0.000000000e+00 2.959788740e+01 0.000000000e+00
4.927692053e+01 3.352398898e+01 1.928897946e-05 1.910546427e-05 0.000000000e+00 3.352396988e+01 0.000000000e+00
5.223951363e+01 3.790936897e+01 1.713643554e-05 1.698998998e-05 0.000000000e+00 3.790935198e+01 0.000000000e+00
5.538022172e+01 4.162240466e+01 1.519765258e-05 1.508206706e-05 0.000000000e+00 4.162238958e+01 0.000000000e+00
5.870975330e+01 4.580471966e+01 1.353256617e-05 1.344073435e-05 0.000000000e+00 4.580470622e+01 0.000000000e+00
6.223946068e+01 4.974635704e+01 1.207999994e-05 1.200766821e-05 0.000000000e+00 4.974634503e+01 0.000000000e+00
6.598137870e+01 5.296047181e+01 1.067402005e-05 1.061722731e-05 0.000000000e+00 5.296046120e+01 0.000000000e+00
6.994826574e+01 5.688212430e+01 9.459531167e-06 9.414988313e-06 0.000000000e+00 5.688211488e+01 0.000000000e+00
7.415364723e+01 6.018650907e+01 8.318224952e-06 8.283664740e-06 0.000000000e+00 6.018650078e+01 0.000000000e+00
7.861186177e+01 6.305336297e+01 7.520004833e-06 7.492452344e-06 0.000000000e+00 6.305335547e+01 0.000000000e+00
8.333811002e+01 6.579560782e+01 6.597718870e-06 6.576284714e-06 0.000000000e+00 6.579560125e+01 0.000000000e+00
8.834850651e+01 6.790784873e+01 5.872829423e-06 5.856118943e-06 0.000000000e+00 6.790784287e+01 0.000000000e+00
9.366013462e+01 7.001707664e+01 5.270752041e-06 5.257553764e-06 0.000000000e+00 7.001707138e+01 0.000000000e+00
9.929110477e+01 7.189132906e+01 3.002791776e-06 2.996002040e-06 0.000000000e+00 7.189132607e+01 0.000000000e+00
1.052606162e+02 7.293242734e+01 0.000000000e+00 0.000000000e+00 0.000000000e+00 7.293242734e+01 0.000000000e+00
1.115890226e+02 7.334190765e+01 0.000000000e+00 0.000000000e+00 0.000000000e+00 7.334190765e+01 0.000000000e+00
1.182979010e+02 7.435610135e+01 0.000000000e+00 0.000000000e+00 0.000000000e+00 7.435610135e+01 0.000000000e+00
1.254101260e+02 7.382458356e+01 0.000000000e+00 0.000000000e+00 0.000000000e+00 7.382458356e+01 0.000000000e+00
1.329499472e+02 7.408417660e+01 0.000000000e+00 0.000000000e+00 0.000000000e+00 7.408417660e+01 0.000000000e+00
1.409430725e+02 7.308202596e+01 0.000000000e+00 0.000000000e+00 0.000000000e+00 7.308202596e+01 0.000000000e+00
1.494167549e+02 7.000313359e+01 0.000000000e+00 0.000000000e+00 0.000000000e+00 7.000313359e+01 0.000000000e+00
1.583998862e+02 6.647634324e+01 0.000000000e+00 0.000000000e+00 0.000000000e+00 6.647634324e+01 0.000000000e+00
1.679230951e+02 6.320615511e+01 0.000000000e+00 0.000000000e+00 0.000000000e+00 6.320615511e+01 0.000000000e+00
1.780188519e+02 5.944638401e+01 0.000000000e+00 0.000000000e+00 0.000000000e+00 5.944638401e+01 0.000000000e+00
1.887215788e+02 5.588289208e+01 0.000000000e+00 0.000000000e+00 0.000000000e+00 5.588289208e+01 0.000000000e+00
2.000677676e+02 5.199740575e+01 0.000000000e+00 0.000000000e+00 0.000000000e+00 5.199740575e+01 0.000000000e+00
2.120961043e+02 4.795416291e+01 0.000000000e+00 0.000000000e+00 0.000000000e+00 4.795416291e+01 0.000000000e+00
2.248476003e+02 4.411733648e+01 0.000000000e+00 0.000000000e+00 0.000000000e+00 4.411733648e+01 0.000000000e+00
2.383657330e+02 3.968019965e+01 0.000000000e+00 0.000000000e+00 0.000000000e+00 3.968019965e+01 0.000000000e+00
2.526965935e+02 3.612494881e+01 0.000000000e+00 0.000000000e+00 0.000000000e+00 3.612494881e+01 0.000000000e+00
2.678890442e+02 3.235716699e+01 0.000000000e+00 0.000000000e+00 0.000000000e+00 3.235716699e+01 0.000000000e+00
2.839948849e+02 2.898580275e+01 0.000000000e+00 0.000000000e+00 0.000000000e+00 2.898580275e+01 0.000000000e+00
3.010690299e+02 2.545506832e+01 0.000000000e+00 0.000000000e+00 0.000000000e+00 2.545506832e+01 0.000000000e+00
3.191696949e+02 2.241453858e+01 0.000000000e+00 0.000000000e+00 0.000000000e+00 2.241453858e+01 0.000000000e+00
3.383585957e+02 1.963339264e+01 0.000000000e+00 0.000000000e+00 0.000000000e+00 1.963339264e+01 0.000000000e+00
3.587011583e+02 1.703641988e+01 0.000000000e+00 0.000000000e+00 0.000000000e+00 1.703641988e+01 0.000000000e+00
3.802667425e+02 1.496258014e+01 0.000000000e+00 0.000000000e+00 0.000000000e+00 1.496258014e+01 0.000000000e+00
4.031288779e+02 1.286439167e+01 0.000000000e+00 0.000000000e+00 0.000000000e+00 1.286439167e+01 0.000000000e+00
4.273655148e+02 1.087467003e+01 0.000000000e+00 0.000000000e+00 0.000000000e+00 1.087467003e+01 0.000000000e+00
4.530592901e+02 9.368629756e+00 0.000000000e+00 0.000000000e+00 0.000000000e+00 9.368629756e+00 0.000000000e+00
4.802978090e+02 7.939976860e+00 0.000000000e+00 0.000000000e+00 0.000000000e+00 7.939976860e+00 0.000000000e+00
5.091739433e+02 6.693081832e+00 0.000000000e+00 0.000000000e+00 0.000000000e+00 6.693081832e+00 0.000000000e+00
5.397861487e+02 5.642538149e+00 0.000000000e+00 0.000000000e+00 0.000000000e+00 5.642538149e+00 0.000000000e+00
5.722388000e+02 4.818139766e+00 0.000000000e+00 0.000000000e+00 0.000000000e+00 4.818139766e+00 0.000000000e+00
6.066425473e+02 4.018542814e+00 0.000000000e+00 0.000000000e+00 0.000000000e+00 4.018542814e+00 0.000000000e+00
6.431146930e+02 3.324685485e+00 0.000000000e+00 0.000000000e+00 0.000000000e+00 3.324685485e+00 0.000000000e+00
6.817795920e+02 2.781037400e+00 0.000000000e+00 0.000000000e+00 0.000000000e+00 2.781037400e+00 0.000000000e+00
7.227690754e+02 2.322727727e+00 0.000000000e+00 0.000000000e+00 0.000000000e+00 2.322727727e+00 0.000000000e+00
7.662229003e+02 1.937595876e+00 0.000000000e+00 0.000000000e+00 0.000000000e+00 1.937595876e+00 0.000000000e+00
8.122892262e+02 1.601200654e+00 0.000000000e+00 0.000000000e+00 0.000000000e+00 1.601200654e+00 0.000000000e+00
8.611251200e+02 1.327723411e+00 0.000000000e+00 0.000000000e+00 0.000000000e+00 1.327723411e+00 0.000000000e+00
9.128970918e+02 1.085474690e+00 0.000000000e+00 0.000000000e+00 0.000000000e+00 1.085474690e+00 0.000000000e+00
9.677816625e+02 9.114746895e-01 0.000000000e+00 0.000000000e+00 0.000000000e+00 9.114746895e-01 0.000000000e+00
1.025965966e+03 7.710772763e-01 0.000000000e+00 0.000000000e+00 0.000000000e+00 7.710772763e-01 0.000000000e+00
1.087648385e+03 6.995332130e-01 0.000000000e+00 0.000000000e+00 0.000000000e+00 6.995332130e-01 0.000000000e+00
1.153039233e+03 6.328661467e-01 0.000000000e+00 0.000000000e+00 0.000000000e+00 6.328661467e-01 0.000000000e+00
1.222361464e+03 5.856107335e-01 0.000000000e+00 0.000000000e+00 0.000000000e+00 5.856107335e-01 0.000000000e+00
1.295851439e+03 5.443733370e-01 0.000000000e+00 0.000000000e+00 0.000000000e+00 5.443733370e-01 0.000000000e+00
1.373759727e+03 4.859017737e-01 0.000000000e+00 0.000000000e+00 0.000000000e+00 4.859017737e-01 0.000000000e+00
1.456351964e+03 4.431144560e-01 0.000000000e+00 0.000000000e+00 0.000000000e+00 4.431144560e-01 0.000000000e+00
1.543909754e+03 4.022829114e-01 0.000000000e+00 0.000000000e+00 0.000000000e+00 4.022829114e-01 0.000000000e+00
1.636731634e+03 3.723375007e-01 0.000000000e+00 0.000000000e+00 0.000000000e+00 3.723375007e-01 0.000000000e+00
1.735134087e+03 3.311857055e-01 0.000000000e+00 0.000000000e+00 0.000000000e+00 3.311857055e-01 0.000000000e+00
1.839452624e+03 2.963427640e-01 0.000000000e+00 0.000000000e+00 0.000000000e+00 2.963427640e-01 0.000000000e+00
1.950042929e+03 2.693916408e-01 0.000000000e+00 0.000000000e+00 0.000000000e+00 2.693916408e-01 0.000000000e+00
2.067282068e+03 2.403802748e-01 0.000000000e+00 0.000000000e+00 0.000000000e+00 2.403802748e-01 0.000000000e+00
2.191569778e+03 2.209661762e-01 0.000000000e+00 0.000000000e+00 0.000000000e+00 2.209661762e-01 0.000000000e+00
2.323329827e+03 1.957639716e-01 0.000000000e+00 0.000000000e+00 0.000000000e+00 1.957639716e-01 0.000000000e+00
2.463011464e+03 1.784552647e-01 0.000000000e+00 0.000000000e+00 0.000000000e+00 1.784552647e-01 0.000000000e+00
2.611090944e+03 1.566889854e-01 0.000000000e+00 0.000000000e+00 0.000000000e+00 1.566889854e-01 0.000000000e+00
2.768073157e+03 1.443107091e-01 0.000000000e+00 0.000000000e+00 0.000000000e+00 1.443107091e-01 0.000000000e+00
2.934493346e+03 1.297309920e-01 0.000000000e+00 0.000000000e+00 0.000000000e+00 1.297309920e-01 0.000000000e+00
3.110918936e+03 1.166559621e-01 0.000000000e+00 0.000000000e+00 0.000000000e+00 1.166559621e-01 0.000000000e+00
3.297951463e+03 1.029839744e-01 0.000000000e+00 0.000000000e+00 0.000000000e+00 1.029839744e-01 0.000000000e+00
3.496228631e+03 9.473714196e-02 0.000000000e+00 0.000000000e+00 0.000000000e+00 9.473714196e-02 0.000000000e+00
3.706426483e+03 8.440917608e-02 0.000000000e+00 0.000000000e+00 0.000000000e+00 8.440917608e-02 0.000000000e+00
3.929261705e+03 7.485206667e-02 0.000000000e+00 0.000000000e+00 0.000000000e+00 7.485206667e-02 0.000000000e+00
4.165494073e+03 6.784065717e-02 0.000000000e+00 0.000000000e+00 0.000000000e+00 6.784065717e-02 0.000000000e+00
4.415929040e+03 6.041800333e-02 0.000000000e+00 0.000000000e+00 0.000000000e+00 6.041800333e-02 0.000000000e+00
4.681420487e+03 5.226401894e-02 0.000000000e+00 0.000000000e+00 0.000000000e+00 5.226401894e-02 0.000000000e+00
4.962873628e+03 4.832523310e-02 0.000000000e+00 0.000000000e+00 0.000000000e+00 4.832523310e-02 0.000000000e+00
5.261248100e+03 4.380761401e-02 0.000000000e+00 0.000000000e+00 0.000000000e+00 4.380761401e-02 0.000000000e+00
5.577561237e+03 3.819325438e-02 0.000000000e+00 0.000000000e+00 0.000000000e+00 3.819325438e-02 0.000000000e+00
5.912891535e+03 3.430781980e-02 0.000000000e+00 0.000000000e+00 0.000000000e+00 3.430781980e-02 0.000000000e+00
6.268382331e+03 3.044638799e-02 0.000000000e+00 0.000000000e+00 0.000000000e+00 3.044638799e-02 0.000000000e+00
6.645245699e+03 2.761838473e-02 0.000000000e+00 0.000000000e+00 0.000000000e+00 2.761838473e-02 0.000000000e+00
7.044766588e+03 2.438694210e-02 0.000000000e+00 0.000000000e+00 0.000000000e+00 2.438694210e-02 0.000000000e+00
7.468307196e+03 2.187042664e-02 0.000000000e+00 0.000000000e+00 0.000000000e+00 2.187042664e-02 0.000000000e+00
7.917311621e+03 1.961024906e-02 0.000000000e+00 0.000000000e+00 0.000000000e+00 1.961024906e-02 0.000000000e+00
8.393310782e+03 1.766785957e-02 0.000000000e+00 0.000000000e+00 0.000000000e+00 1.766785957e-02 0.000000000e+00
8.897927636e+03 1.576152115e-02 0.000000000e+00 0.000000000e+00 0.000000000e+00 1.576152115e-02 0.000000000e+00
9.432882717e+03 1.395276479e-02 0.000000000e+00 0.000000000e+00 0.000000000e+00 1.395276479e-02 0.000000000e+00
1.000000000e+04 1.138500466e-02 0.000000000e+00 0.000000000e+00 0.000000000e+00 1.138500466e-02 0.000000000e+00
