# column 1: wavelength (micron)
# column 2: total flux; F_nu (Jy)
# column 3: transparent flux; F_nu (Jy)
# column 4: direct primary flux; F_nu (Jy)
# column 5: scattered primary flux; F_nu (Jy)
# column 6: direct secondary flux; F_nu (Jy)
# column 7: scattered secondary flux; F_nu (Jy)
9.000000000e-02 1.070509962e-08 3.374190022e-02 9.081589647e-09 1.623509974e-09 0.000000000e+00 0.000000000e+00
9.541091806e-02 3.291740804e-07 1.750374420e-01 2.774839298e-07 5.169015069e-08 0.000000000e+00 0.000000000e+00
1.011471476e-01 4.296564892e-06 2.053505620e-01 3.489860890e-06 8.067040025e-07 0.000000000e+00 0.000000000e+00
1.072282468e-01 2.545718817e-05 2.210233018e-01 2.026769047e-05 5.189497700e-06 0.000000000e+00 0.000000000e+00
1.136749497e-01 4.525675393e-05 2.137920650e-01 3.537104184e-05 9.885712081e-06 0.000000000e+00 0.000000000e+00
1.205092367e-01 1.871608300e-05 1.905994069e-01 1.442198198e-05 4.294101014e-06 0.000000000e+00 0.000000000e+00
1.277544101e-01 7.458692156e-05 1.995886243e-01 5.684439353e-05 1.774252803e-05 0.000000000e+00 0.000000000e+00
1.354351729e-01 1.144403081e-04 1.910503215e-01 8.758838730e-05 2.685192083e-05 0.000000000e+00 0.000000000e+00
1.435777131e-01 1.393160171e-04 1.779883062e-01 1.076974852e-04 3.161853183e-05 0.000000000e+00 0.000000000e+00
1.522097936e-01 1.588756790e-04 1.684431966e-01 1.226761115e-04 3.619956748e-05 0.000000000e+00 0.000000000e+00
1.613608460e-01 1.693256146e-04 1.601581486e-01 1.308133592e-04 3.851225540e-05 0.000000000e+00 0.000000000e+00
1.710620718e-01 1.689667999e-04 1.565477828e-01 1.301124661e-04 3.885433374e-05 0.000000000e+00 0.000000000e+00
1.813465479e-01 1.669920630e-04 1.486058900e-01 1.299627380e-04 3.702932501e-05 0.000000000e+00 0.000000000e+00
1.922493402e-01 1.469396727e-04 1.398792457e-01 1.176553142e-04 2.928435844e-05 0.000000000e+00 0.000000000e+00
2.038076228e-01 1.222071829e-04 1.295558613e-01 9.991426857e-05 2.229291436e-05 0.000000000e+00 0.000000000e+00
2.160608044e-01 1.182359365e-04 1.278307879e-01 9.693101853e-05 2.130491801e-05 0.000000000e+00 0.000000000e+00
2.290506634e-01 1.428549550e-04 1.193007290e-01 1.141339151e-04 2.872103990e-05 0.000000000e+00 0.000000000e+00
2.428214897e-01 1.825575410e-04 1.106594487e-01 1.411960098e-04 4.136153120e-05 0.000000000e+00 0.000000000e+00
2.574202362e-01 2.352750276e-04 1.037599661e-01 1.803350278e-04 5.493999971e-05 0.000000000e+00 0.000000000e+00
2.728966785e-01 2.825564129e-04 9.678889030e-02 2.180095601e-04 6.454685286e-05 0.000000000e+00 0.000000000e+00
2.893035848e-01 3.376740191e-04 9.068313097e-02 2.643527218e-04 7.332129731e-05 0.000000000e+00 0.000000000e+00
3.066968958e-01 3.976860957e-04 8.424836995e-02 3.150498022e-04 8.263629351e-05 0.000000000e+00 0.000000000e+00
3.251359155e-01 4.490682196e-04 7.646222926e-02 3.597391455e-04 8.932907404e-05 0.000000000e+00 0.000000000e+00
3.446835132e-01 5.212141777e-04 7.074094715e-02 4.229199912e-04 9.829418648e-05 0.000000000e+00 0.000000000e+00
3.654063382e-01 6.155248916e-04 6.656786231e-02 5.067892966e-04 1.087355949e-04 0.000000000e+00 0.000000000e+00
3.873750465e-01 1.138308711e-03 7.427387380e-02 9.484017193e-04 1.899069918e-04 0.000000000e+00 0.000000000e+00
4.106645425e-01 1.487482647e-03 7.302897335e-02 1.253297509e-03 2.341851387e-04 0.000000000e+00 0.000000000e+00
4.353542335e-01 1.535689428e-03 6.699993245e-02 1.307430253e-03 2.282591751e-04 0.000000000e+00 0.000000000e+00
4.615283011e-01 1.709985573e-03 6.278123701e-02 1.470872560e-03 2.391130129e-04 0.000000000e+00 0.000000000e+00
4.892759879e-01 1.690432507e-03 5.665218795e-02 1.470003513e-03 2.204289942e-04 0.000000000e+00 0.000000000e+00
5.186919022e-01 1.815213423e-03 5.273605476e-02 1.595067266e-03 2.201461574e-04 0.000000000e+00 0.000000000e+00
5.498763397e-01 1.905038898e-03 4.876489289e-02 1.691992032e-03 2.130468656e-04 0.000000000e+00 0.000000000e+00
5.829356266e-01 2.011520334e-03 4.510091640e-02 1.806731211e-03 2.047891229e-04 0.000000000e+00 0.000000000e+00
6.179824811e-01 2.081081555e-03 4.252926951e-02 1.886633673e-03 1.944478824e-04 0.000000000e+00 0.000000000e+00
6.551363985e-01 2.126676472e-03 3.940477983e-02 1.944651991e-03 1.820244811e-04 0.000000000e+00 0.000000000e+00
6.945240582e-01 2.241233047e-03 3.735492779e-02 2.068034078e-03 1.731989687e-04 0.000000000e+00 0.000000000e+00
7.362797556e-01 2.276304720e-03 3.475602279e-02 2.116580764e-03 1.597239555e-04 0.000000000e+00 0.000000000e+00
7.805458603e-01 2.340391094e-03 3.226382835e-02 2.189242982e-03 1.511481122e-04 0.000000000e+00 0.000000000e+00
8.274733014e-01 2.416702404e-03 2.976496552e-02 2.270863069e-03 1.458393341e-04 0.000000000e+00 0.000000000e+00
8.772220817e-01 2.468297527e-03 2.895930272e-02 2.325214802e-03 1.430827256e-04 0.000000000e+00 0.000000000e+00
9.299618239e-01 2.548237899e-03 2.738643210e-02 2.401511666e-03 1.467262328e-04 0.000000000e+00 0.000000000e+00
9.858723487e-01 2.586249165e-03 2.553109791e-02 2.433891096e-03 1.523580691e-04 1.223497815e-156 1.245225550e-156
1.045144288e+00 2.628616145e-03 2.342367044e-02 2.466090020e-03 1.625261247e-04 2.816616081e-147 2.368055362e-147
1.107979733e+00 2.556208672e-03 2.122332755e-02 2.381962310e-03 1.742463624e-04 1.720966262e-138 1.274776240e-138
1.174592928e+00 2.613703731e-03 1.937044633e-02 2.418537197e-03 1.951665334e-04 3.420633587e-130 2.143342819e-130
1.245210996e+00 2.670421571e-03 1.792321484e-02 2.456446208e-03 2.139753627e-04 2.515772592e-122 1.312075854e-122
1.320074714e+00 2.769823227e-03 1.647353342e-02 2.533502839e-03 2.363203877e-04 5.307214486e-115 2.535673776e-115
1.399439338e+00 2.896252245e-03 1.524296584e-02 2.644702914e-03 2.515493314e-04 4.912854271e-108 2.058261771e-108
1.483575466e+00 3.004385249e-03 1.397414148e-02 2.741642079e-03 2.627431702e-04 1.692497840e-101 5.857443035e-102
1.572769969e+00 3.199220321e-03 1.307644355e-02 2.927116491e-03 2.721038302e-04 2.531879826e-95 8.361091016e-96
1.667326963e+00 3.361776234e-03 1.224170111e-02 3.078834832e-03 2.829414015e-04 1.555009955e-89 4.451442813e-90
1.767568847e+00 3.362047957e-03 1.118613445e-02 3.091638954e-03 2.704090032e-04 4.647396448e-84 1.107653068e-84
1.873837405e+00 3.328718802e-03 1.020784004e-02 3.072508569e-03 2.562102324e-04 6.874206541e-79 1.391504117e-79
1.986494968e+00 3.301522844e-03 9.374892133e-03 3.059917640e-03 2.416052036e-04 4.804580238e-74 8.548481191e-75
2.105925651e+00 3.254290102e-03 8.598453243e-03 3.030672148e-03 2.236179542e-04 1.854202390e-69 2.856371720e-70
2.232536664e+00 3.137324110e-03 7.775246161e-03 2.934326682e-03 2.029974280e-04 3.910953364e-65 5.205177539e-66
2.366759696e+00 3.024475696e-03 7.048383521e-03 2.844420440e-03 1.800552560e-04 4.509567893e-61 5.102875266e-62
2.509052394e+00 2.813897786e-03 6.256690528e-03 2.660301567e-03 1.535962191e-04 2.819701262e-57 2.680792091e-58
2.659899915e+00 2.797722623e-03 5.783757530e-03 2.665337368e-03 1.323852554e-04 1.196476440e-53 9.511220234e-55
2.819816587e+00 2.750353537e-03 5.285414118e-03 2.639119384e-03 1.112341533e-04 2.874245007e-50 1.968902562e-51
2.989347660e+00 2.518945872e-03 4.691502970e-03 2.425922369e-03 9.302350314e-05 4.302453189e-47 2.499549210e-48
3.169071162e+00 2.359892526e-03 4.190093564e-03 2.283870797e-03 7.602172910e-05 4.408337912e-44 2.116838289e-45
3.359599877e+00 2.274001328e-03 3.819917494e-03 2.212896814e-03 6.110451402e-05 3.136460832e-41 1.267198457e-42
3.561583429e+00 2.171348058e-03 3.481694777e-03 2.122513450e-03 4.883460758e-05 1.447689531e-38 4.842677012e-40
3.775710497e+00 1.981216579e-03 3.082204297e-03 1.942766041e-03 3.845053865e-05 4.650724014e-36 1.291396606e-37
4.002711165e+00 1.846824005e-03 2.774683500e-03 1.816741688e-03 3.008231711e-05 1.109969016e-33 2.544937298e-35
4.243359411e+00 1.742915626e-03 2.526461850e-03 1.719475783e-03 2.343984280e-05 1.839667033e-31 3.479882262e-33
4.498475745e+00 1.570753082e-03 2.224961091e-03 1.552855008e-03 1.789807388e-05 2.327763553e-29 3.598290339e-31
4.768930007e+00 1.439877250e-03 1.990932478e-03 1.426308038e-03 1.356921239e-05 2.206365481e-27 2.750333366e-29
5.055644335e+00 1.316763729e-03 1.784095725e-03 1.306492909e-03 1.027082050e-05 1.574742914e-25 1.598008038e-27
5.359596304e+00 1.220076866e-03 1.610946126e-03 1.212476290e-03 7.600576074e-06 8.557489572e-24 6.960982894e-26
5.681822265e+00 1.131133374e-03 1.462499078e-03 1.125515687e-03 5.617687285e-06 3.724740125e-22 2.453223850e-24
6.023420872e+00 1.030429367e-03 1.312447525e-03 1.026300662e-03 4.128705566e-06 1.290894834e-20 6.820475709e-23
6.385556837e+00 9.347369901e-04 1.173303354e-03 9.317503606e-04 2.986629458e-06 3.690648312e-19 1.551100329e-21
6.769464890e+00 8.344725503e-04 1.034782413e-03 8.323632189e-04 2.109331355e-06 8.387275917e-18 2.767225699e-20
7.176453999e+00 7.575100327e-04 9.339173289e-04 7.560084054e-04 1.501627325e-06 1.670271913e-16 4.323214832e-19
7.607911827e+00 6.564996494e-04 8.337032686e-04 6.555198863e-04 9.797631160e-07 2.472855127e-15 4.914369412e-18
8.065309466e+00 5.191064560e-04 7.484120891e-04 5.185768573e-04 5.295986947e-07 3.067373238e-14 4.457631015e-17
8.550206451e+00 3.788071050e-04 6.727889303e-04 3.785632869e-04 2.438177105e-07 3.024482059e-13 3.265374048e-16
9.064256079e+00 2.895828798e-04 6.083782082e-04 2.894639164e-04 1.189607339e-07 2.678724669e-12 2.344865577e-15
9.609211044e+00 2.380019944e-04 5.444279367e-04 2.379285276e-04 7.344212874e-08 2.465866327e-11 1.889037492e-14
1.018692942e+01 2.280775895e-04 4.830601054e-04 2.280099686e-04 6.739000773e-08 2.306746403e-10 1.552163147e-13
1.079938098e+01 2.222806194e-04 4.248347489e-04 2.222126305e-04 6.607585417e-08 1.912031206e-09 1.097675504e-12
1.144865393e+01 2.236404242e-04 3.793362780e-04 2.235646881e-04 6.258389044e-08 1.314591158e-08 6.301330217e-12
1.213696202e+01 2.185176267e-04 3.357066315e-04 2.183829946e-04 5.431104375e-08 8.028964254e-08 3.139021281e-11
1.286665210e+01 2.073231458e-04 2.935675050e-04 2.068606795e-04 4.424293303e-08 4.180937370e-07 1.296277235e-10
1.364021210e+01 1.986284158e-04 2.626511293e-04 1.966571308e-04 3.373310574e-08 1.937087711e-06 4.641539737e-10
1.446027954e+01 1.842824492e-04 2.312524425e-04 1.756789619e-04 2.319068584e-08 8.578755174e-06 1.541423700e-09
1.532965052e+01 1.854055185e-04 2.048337448e-04 1.510808355e-04 1.503015147e-08 3.430541436e-05 4.238498925e-09
1.625128922e+01 2.621502746e-04 1.831485863e-04 1.295714813e-04 8.003212496e-09 1.325623935e-04 8.396566738e-09
1.722833804e+01 5.675202977e-04 1.620825374e-04 1.103390150e-04 1.142372467e-09 4.571719829e-04 8.157416699e-09
1.826412832e+01 1.533196923e-03 1.417660971e-04 9.449443516e-05 2.782828140e-11 1.438698812e-03 3.647894263e-09
1.936219168e+01 4.334275879e-03 1.262217118e-04 8.493383120e-05 6.400717139e-12 4.249341802e-03 2.394167886e-10
2.052627204e+01 1.174827579e-02 1.120777127e-04 7.809231562e-05 7.580531648e-13 1.167018347e-02 1.829839253e-30
2.176033844e+01 2.910690288e-02 9.934543498e-05 7.155604817e-05 0.000000000e+00 2.903534683e-02 0.000000000e+00
2.306859853e+01 6.837721875e-02 8.724036230e-05 6.448447620e-05 0.000000000e+00 6.831273428e-02 0.000000000e+00
2.445551294e+01 1.533067388e-01 7.797277478e-05 5.900302870e-05 0.000000000e+00 1.532477358e-01 0.000000000e+00
2.592581045e+01 3.193506746e-01 7.030875302e-05 5.442900866e-05 0.000000000e+00 3.192962455e-01 0.000000000e+00
2.748450419e+01 6.245627835e-01 6.163785798e-05 4.860721234e-05 0.000000000e+00 6.245141763e-01 0.000000000e+00
2.913690863e+01 1.170437563e+00 5.517661053e-05 4.423716327e-05 0.000000000e+00 1.170393326e+00 0.000000000e+00
3.088865780e+01 2.103863977e+00 4.921288241e-05 4.007634035e-05 0.000000000e+00 2.103823901e+00 0.000000000e+00
3.274572442e+01 3.569335339e+00 4.384000220e-05 3.618130676e-05 0.000000000e+00 3.569299158e+00 0.000000000e+00
3.471444033e+01 5.757261234e+00 3.909483270e-05 3.272835210e-05 0.000000000e+00 5.757228505e+00 0.000000000e+00
3.680151802e+01 8.875621965e+00 3.449562179e-05 2.927578465e-05 0.000000000e+00 8.875592690e+00 0.000000000e+00
3.901407356e+01 1.305707704e+01 3.072207778e-05 2.642465738e-05 0.000000000e+00 1.305705061e+01 0.000000000e+00
4.135965084e+01 1.848764680e+01 2.733722894e-05 2.383210318e-05 0.000000000e+00 1.848762296e+01 0.000000000e+00
4.384624730e+01 2.509027356e+01 2.452173141e-05 2.161591464e-05 0.000000000e+00 2.509025194e+01 0.000000000e+00
4.648234121e+01 3.293503432e+01 2.162610355e-05 1.929979858e-05 0.000000000e+00 3.293501502e+01 0.000000000e+00
4.927692053e+01 4.159487813e+01 1.930019905e-05 1.741771684e-05 0.000000000e+00 4.159486071e+01 0.000000000e+00
5.223951363e+01 5.076503986e+01 1.706356395e-05 1.556224445e-05 0.000000000e+00 5.076502430e+01 0.000000000e+00
5.538022172e+01 6.014167329e+01 1.508812969e-05 1.389888457e-05 0.000000000e+00 6.014165939e+01 0.000000000e+00
5.870975330e+01 6.922975853e+01 1.347021822e-05 1.251465686e-05 0.000000000e+00 6.922974602e+01 0.000000000e+00
6.223946068e+01 7.752811677e+01 1.198229851e-05 1.121858118e-05 0.000000000e+00 7.752810555e+01 0.000000000e+00
6.598137870e+01 8.532526319e+01 1.056402710e-05 9.968551896e-06 0.000000000e+00 8.532525322e+01 0.000000000e+00
6.994826574e+01 9.118036136e+01 9.460067050e-06 8.982020899e-06 0.000000000e+00 9.118035238e+01 0.000000000e+00
7.415364723e+01 9.603678469e+01 8.424266322e-06 8.043397325e-06 0.000000000e+00 9.603677664e+01 0.000000000e+00
7.861186177e+01 9.836689549e+01 7.435857161e-06 7.136584511e-06 0.000000000e+00 9.836688836e+01 0.000000000e+00
8.333811002e+01 9.993407395e+01 6.571885690e-06 6.337201976e-06 0.000000000e+00 9.993406761e+01 0.000000000e+00
8.834850651e+01 9.945629309e+01 5.942679774e-06 5.753497033e-06 0.000000000e+00 9.945628734e+01 0.000000000e+00
9.366013462e+01 9.812677691e+01 5.228268717e-06 5.080670136e-06 0.000000000e+00 9.812677183e+01 0.000000000e+00
9.929110477e+01 9.456081998e+01 2.995490823e-06 2.918885249e-06 0.000000000e+00 9.456081706e+01 0.000000000e+00
1.052606162e+02 9.084187927e+01 0.000000000e+00 0.000000000e+00 0.000000000e+00 9.084187927e+01 0.000000000e+00
1.115890226e+02 8.645643456e+01 0.000000000e+00 0.000000000e+00 0.000000000e+00 8.645643456e+01 0.000000000e+00
1.182979010e+02 8.168070960e+01 0.000000000e+00 0.000000000e+00 0.000000000e+00 8.168070960e+01 0.000000000e+00
1.254101260e+02 7.671169357e+01 0.000000000e+00 0.000000000e+00 0.000000000e+00 7.671169357e+01 0.000000000e+00
1.329499472e+02 7.138880291e+01 0.000000000e+00 0.000000000e+00 0.000000000e+00 7.138880291e+01 0.000000000e+00
1.409430725e+02 6.591506521e+01 0.000000000e+00 0.000000000e+00 0.000000000e+00 6.591506521e+01 0.000000000e+00
1.494167549e+02 6.093928015e+01 0.000000000e+00 0.000000000e+00 0.000000000e+00 6.093928015e+01 0.000000000e+00
1.583998862e+02 5.478458168e+01 0.000000000e+00 0.000000000e+00 0.000000000e+00 5.478458168e+01 0.000000000e+00
1.679230951e+02 5.058288482e+01 0.000000000e+00 0.000000000e+00 0.000000000e+00 5.058288482e+01 0.000000000e+00
1.780188519e+02 4.591006379e+01 0.000000000e+00 0.000000000e+00 0.000000000e+00 4.591006379e+01 0.000000000e+00
1.887215788e+02 4.136149194e+01 0.000000000e+00 0.000000000e+00 0.000000000e+00 4.136149194e+01 0.000000000e+00
2.000677676e+02 3.748143668e+01 0.000000000e+00 0.000000000e+00 0.000000000e+00 3.748143668e+01 0.000000000e+00
2.120961043e+02 3.394647188e+01 0.000000000e+00 0.000000000e+00 0.000000000e+00 3.394647188e+01 0.000000000e+00
2.248476003e+02 3.016359738e+01 0.000000000e+00 0.000000000e+00 0.000000000e+00 3.016359738e+01 0.000000000e+00
2.383657330e+02 2.705582256e+01 0.000000000e+00 0.000000000e+00 0.000000000e+00 2.705582256e+01 0.000000000e+00
2.526965935e+02 2.398143022e+01 0.000000000e+00 0.000000000e+00 0.000000000e+00 2.398143022e+01 0.000000000e+00
2.678890442e+02 2.140011631e+01 0.000000000e+00 0.000000000e+00 0.000000000e+00 2.140011631e+01 0.000000000e+00
2.839948849e+02 1.897843820e+01 0.000000000e+00 0.000000000e+00 0.000000000e+00 1.897843820e+01 0.000000000e+00
3.010690299e+02 1.698787790e+01 0.000000000e+00 0.000000000e+00 0.000000000e+00 1.698787790e+01 0.000000000e+00
3.191696949e+02 1.481712869e+01 0.000000000e+00 0.000000000e+00 0.000000000e+00 1.481712869e+01 0.000000000e+00
3.383585957e+02 1.308876792e+01 0.000000000e+00 0.000000000e+00 0.000000000e+00 1.308876792e+01 0.000000000e+00
3.587011583e+02 1.161158511e+01 0.000000000e+00 0.000000000e+00 0.000000000e+00 1.161158511e+01 0.000000000e+00
3.802667425e+02 9.911074683e+00 0.000000000e+00 0.000000000e+00 0.000000000e+00 9.911074683e+00 0.000000000e+00
4.031288779e+02 8.490834233e+00 0.000000000e+00 0.000000000e+00 0.000000000e+00 8.490834233e+00 0.000000000e+00
4.273655148e+02 7.432594857e+00 0.000000000e+00 0.000000000e+00 0.000000000e+00 7.432594857e+00 0.000000000e+00
4.530592901e+02 6.263642679e+00 0.000000000e+00 0.000000000e+00 0.000000000e+00 6.263642679e+00 0.000000000e+00
4.802978090e+02 5.353665448e+00 0.000000000e+00 0.000000000e+00 0.000000000e+00 5.353665448e+00 0.000000000e+00
5.091739433e+02 4.639092586e+00 0.000000000e+00 0.000000000e+00 0.000000000e+00 4.639092586e+00 0.000000000e+00
5.397861487e+02 3.898634727e+00 0.000000000e+00 0.000000000e+00 0.000000000e+00 3.898634727e+00 0.000000000e+00
5.722388000e+02 3.310173572e+00 0.000000000e+00 0.000000000e+00 0.000000000e+00 3.310173572e+00 0.000000000e+00
6.066425473e+02 2.787422821e+00 0.000000000e+00 0.000000000e+00 0.000000000e+00 2.787422821e+00 0.000000000e+00
6.431146930e+02 2.348895912e+00 0.000000000e+00 0.000000000e+00 0.000000000e+00 2.348895912e+00 0.000000000e+00
6.817795920e+02 2.033698732e+00 0.000000000e+00 0.000000000e+00 0.000000000e+00 2.033698732e+00 0.000000000e+00
7.227690754e+02 1.681619858e+00 0.000000000e+00 0.000000000e+00 0.000000000e+00 1.681619858e+00 0.000000000e+00
7.662229003e+02 1.367114061e+00 0.000000000e+00 0.000000000e+00 0.000000000e+00 1.367114061e+00 0.000000000e+00
8.122892262e+02 1.135942799e+00 0.000000000e+00 0.000000000e+00 0.000000000e+00 1.135942799e+00 0.000000000e+00
8.611251200e+02 9.804178826e-01 0.000000000e+00 0.000000000e+00 0.000000000e+00 9.804178826e-01 0.000000000e+00
9.128970918e+02 7.588456257e-01 0.000000000e+00 0.000000000e+00 0.000000000e+00 7.588456257e-01 0.000000000e+00
9.677816625e+02 6.447183732e-01 0.000000000e+00 0.000000000e+00 0.000000000e+00 6.447183732e-01 0.000000000e+00
1.025965966e+03 5.526793505e-01 0.000000000e+00 0.000000000e+00 0.000000000e+00 5.526793505e-01 0.000000000e+00
1.087648385e+03 5.157067333e-01 0.000000000e+00 0.000000000e+00 0.000000000e+00 5.157067333e-01 0.000000000e+00
1.153039233e+03 4.511227079e-01 0.000000000e+00 0.000000000e+00 0.000000000e+00 4.511227079e-01 0.000000000e+00
1.222361464e+03 4.284361304e-01 0.000000000e+00 0.000000000e+00 0.000000000e+00 4.284361304e-01 0.000000000e+00
1.295851439e+03 3.969051134e-01 0.000000000e+00 0.000000000e+00 0.000000000e+00 3.969051134e-01 0.000000000e+00
1.373759727e+03 3.745219887e-01 0.000000000e+00 0.000000000e+00 0.000000000e+00 3.745219887e-01 0.000000000e+00
1.456351964e+03 3.425913975e-01 0.000000000e+00 0.000000000e+00 0.000000000e+00 3.425913975e-01 0.000000000e+00
1.543909754e+03 3.022419945e-01 0.000000000e+00 0.000000000e+00 0.000000000e+00 3.022419945e-01 0.000000000e+00
1.636731634e+03 2.714779084e-01 0.000000000e+00 0.000000000e+00 0.000000000e+00 2.714779084e-01 0.000000000e+00
1.735134087e+03 2.495655012e-01 0.000000000e+00 0.000000000e+00 0.000000000e+00 2.495655012e-01 0.000000000e+00
1.839452624e+03 2.227049907e-01 0.000000000e+00 0.000000000e+00 0.000000000e+00 2.227049907e-01 0.000000000e+00
1.950042929e+03 2.009395837e-01 0.000000000e+00 0.000000000e+00 0.000000000e+00 2.009395837e-01 0.000000000e+00
2.067282068e+03 1.849135743e-01 0.000000000e+00 0.000000000e+00 0.000000000e+00 1.849135743e-01 0.000000000e+00
2.191569778e+03 1.610640747e-01 0.000000000e+00 0.000000000e+00 0.000000000e+00 1.610640747e-01 0.000000000e+00
2.323329827e+03 1.524975037e-01 0.000000000e+00 0.000000000e+00 0.000000000e+00 1.524975037e-01 0.000000000e+00
2.463011464e+03 1.368542432e-01 0.000000000e+00 0.000000000e+00 0.000000000e+00 1.368542432e-01 0.000000000e+00
2.611090944e+03 1.243065359e-01 0.000000000e+00 0.000000000e+00 0.000000000e+00 1.243065359e-01 0.000000000e+00
2.768073157e+03 1.100749007e-01 0.000000000e+00 0.000000000e+00 0.000000000e+00 1.100749007e-01 0.000000000e+00
2.934493346e+03 9.940185132e-02 0.000000000e+00 0.000000000e+00 0.000000000e+00 9.940185132e-02 0.000000000e+00
3.110918936e+03 8.920811204e-02 0.000000000e+00 0.000000000e+00 0.000000000e+00 8.920811204e-02 0.000000000e+00
3.297951463e+03 8.213475600e-02 0.000000000e+00 0.000000000e+00 0.000000000e+00 8.213475600e-02 0.000000000e+00
3.496228631e+03 7.326816088e-02 0.000000000e+00 0.000000000e+00 0.000000000e+00 7.326816088e-02 0.000000000e+00
3.706426483e+03 6.443073258e-02 0.000000000e+00 0.000000000e+00 0.000000000e+00 6.443073258e-02 0.000000000e+00
3.929261705e+03 5.819241357e-02 0.000000000e+00 0.000000000e+00 0.000000000e+00 5.819241357e-02 0.000000000e+00
4.165494073e+03 5.204664103e-02 0.000000000e+00 0.000000000e+00 0.000000000e+00 5.204664103e-02 0.000000000e+00
4.415929040e+03 4.682572520e-02 0.000000000e+00 0.000000000e+00 0.000000000e+00 4.682572520e-02 0.000000000e+00
4.681420487e+03 4.328047855e-02 0.000000000e+00 0.000000000e+00 0.000000000e+00 4.328047855e-02 0.000000000e+00
4.962873628e+03 3.754413793e-02 0.000000000e+00 0.000000000e+00 0.000000000e+00 3.754413793e-02 0.000000000e+00
5.261248100e+03 3.407188854e-02 0.000000000e+00 0.000000000e+00 0.000000000e+00 3.407188854e-02 0.000000000e+00
5.577561237e+03 3.016714010e-02 0.000000000e+00 0.000000000e+00 0.000000000e+00 3.016714010e-02 0.000000000e+00
5.912891535e+03 2.739171686e-02 0.000000000e+00 0.000000000e+00 0.000000000e+00 2.739171686e-02 0.000000000e+00
6.268382331e+03 2.377868551e-02 0.000000000e+00 0.000000000e+00 0.000000000e+00 2.377868551e-02 0.000000000e+00
6.645245699e+03 2.111978701e-02 0.000000000e+00 0.000000000e+00 0.000000000e+00 2.111978701e-02 0.000000000e+00
7.044766588e+03 1.971591255e-02 0.000000000e+00 0.000000000e+00 0.000000000e+00 1.971591255e-02 0.000000000e+00
7.468307196e+03 1.717575324e-02 0.000000000e+00 0.000000000e+00 0.000000000e+00 1.717575324e-02 0.000000000e+00
7.917311621e+03 1.552664146e-02 0.000000000e+00 0.000000000e+00 0.000000000e+00 1.552664146e-02 0.000000000e+00
8.393310782e+03 1.320523142e-02 0.000000000e+00 0.000000000e+00 0.000000000e+00 1.320523142e-02 0.000000000e+00
8.897927636e+03 1.246433224e-02 0.000000000e+00 0.000000000e+00 0.000000000e+00 1.246433224e-02 0.000000000e+00
9.432882717e+03 1.129754892e-02 0.000000000e+00 0.000000000e+00 0.000000000e+00 1.129754892e-02 0.000000000e+00
1.000000000e+04 9.121653457e-03 0.000000000e+00 0.000000000e+00 0.000000000e+00 9.121653457e-03 0.000000000e+00
