# column 1: wavelength (micron)
# column 2: total flux; F_nu (Jy)
# column 3: transparent flux; F_nu (Jy)
# column 4: direct primary flux; F_nu (Jy)
# column 5: scattered primary flux; F_nu (Jy)
# column 6: direct secondary flux; F_nu (Jy)
# column 7: scattered secondary flux; F_nu (Jy)
9.000000000e-02 2.064252342e-03 3.390234677e-03 1.893381464e-03 1.708708780e-04 0.000000000e+00 0.000000000e+00
9.541091806e-02 1.114106020e-02 1.750940896e-02 1.019846358e-02 9.425966213e-04 0.000000000e+00 0.000000000e+00
1.011471476e-01 1.417409596e-02 2.054850201e-02 1.298822119e-02 1.185874765e-03 0.000000000e+00 0.000000000e+00
1.072282468e-01 1.659361235e-02 2.224741758e-02 1.525986782e-02 1.333744531e-03 0.000000000e+00 0.000000000e+00
1.136749497e-01 1.707226471e-02 2.161141615e-02 1.580903792e-02 1.263226785e-03 0.000000000e+00 0.000000000e+00
1.205092367e-01 1.565741781e-02 1.911304106e-02 1.456762443e-02 1.089793381e-03 0.000000000e+00 0.000000000e+00
1.277544101e-01 1.700985651e-02 2.017350801e-02 1.592814826e-02 1.081708256e-03 0.000000000e+00 0.000000000e+00
1.354351729e-01 1.680758332e-02 1.951279132e-02 1.583412922e-02 9.734541027e-04 0.000000000e+00 0.000000000e+00
1.435777131e-01 1.590071755e-02 1.816399793e-02 1.507492287e-02 8.257946863e-04 0.000000000e+00 0.000000000e+00
1.522097936e-01 1.544529478e-02 1.741153396e-02 1.469727762e-02 7.480171509e-04 0.000000000e+00 0.000000000e+00
1.613608460e-01 1.476308591e-02 1.653517425e-02 1.407125146e-02 6.918344527e-04 0.000000000e+00 0.000000000e+00
1.710620718e-01 1.430352384e-02 1.604725602e-02 1.362135957e-02 6.821642722e-04 0.000000000e+00 0.000000000e+00
1.813465479e-01 1.350551996e-02 1.537035505e-02 1.285136781e-02 6.541521541e-04 0.000000000e+00 0.000000000e+00
1.922493402e-01 1.235047512e-02 1.448782547e-02 1.172847662e-02 6.219984978e-04 0.000000000e+00 0.000000000e+00
2.038076228e-01 1.107290191e-02 1.354946405e-02 1.049445785e-02 5.784440633e-04 0.000000000e+00 0.000000000e+00
2.160608044e-01 1.076218163e-02 1.331867682e-02 1.018325176e-02 5.789298782e-04 0.000000000e+00 0.000000000e+00
2.290506634e-01 1.047932018e-02 1.246104873e-02 9.917854956e-03 5.614652205e-04 0.000000000e+00 0.000000000e+00
2.428214897e-01 1.020678145e-02 1.159781190e-02 9.684329334e-03 5.224521169e-04 0.000000000e+00 0.000000000e+00
2.574202362e-01 9.920894631e-03 1.096323921e-02 9.459894314e-03 4.610003177e-04 0.000000000e+00 0.000000000e+00
2.728966785e-01 9.471202513e-03 1.030617291e-02 9.078319808e-03 3.928827048e-04 0.000000000e+00 0.000000000e+00
2.893035848e-01 9.097824053e-03 9.802079578e-03 8.765732816e-03 3.320912361e-04 0.000000000e+00 0.000000000e+00
3.066968958e-01 8.551600875e-03 9.144315270e-03 8.275325570e-03 2.762753056e-04 0.000000000e+00 0.000000000e+00
3.251359155e-01 7.987776655e-03 8.485632694e-03 7.755151610e-03 2.326250450e-04 0.000000000e+00 0.000000000e+00
3.446835132e-01 7.497127286e-03 7.918701577e-03 7.300027025e-03 1.971002611e-04 0.000000000e+00 0.000000000e+00
3.654063382e-01 7.285747767e-03 7.655952604e-03 7.114271593e-03 1.714761734e-04 0.000000000e+00 0.000000000e+00
3.873750465e-01 8.874965025e-03 9.274816841e-03 8.694531772e-03 1.804332533e-04 0.000000000e+00 0.000000000e+00
4.106645425e-01 9.313653258e-03 9.684071953e-03 9.147767841e-03 1.658854177e-04 0.000000000e+00 0.000000000e+00
4.353542335e-01 8.681210740e-03 8.991560077e-03 8.540943542e-03 1.402671976e-04 0.000000000e+00 0.000000000e+00
4.615283011e-01 8.395911131e-03 8.665201018e-03 8.275333867e-03 1.205772640e-04 0.000000000e+00 0.000000000e+00
4.892759879e-01 7.770628281e-03 7.995927056e-03 7.669692409e-03 1.009358716e-04 0.000000000e+00 0.000000000e+00
5.186919022e-01 7.508493216e-03 7.702461030e-03 7.422913257e-03 8.557995871e-05 0.000000000e+00 0.000000000e+00
5.498763397e-01 7.191332394e-03 7.360285189e-03 7.119551159e-03 7.178123471e-05 0.000000000e+00 0.000000000e+00
5.829356266e-01 6.965664367e-03 7.113556395e-03 6.904994645e-03 6.066972169e-05 0.000000000e+00 0.000000000e+00
6.179824811e-01 6.703906643e-03 6.830826521e-03 6.652643469e-03 5.126317336e-05 0.000000000e+00 0.000000000e+00
6.551363985e-01 6.432856475e-03 6.544655896e-03 6.389697205e-03 4.315926967e-05 0.000000000e+00 0.000000000e+00
6.945240582e-01 6.302176803e-03 6.399827786e-03 6.265029709e-03 3.714709395e-05 0.000000000e+00 0.000000000e+00
7.362797556e-01 6.061807267e-03 6.147110461e-03 6.031321111e-03 3.048615615e-05 0.000000000e+00 0.000000000e+00
7.805458603e-01 5.858562181e-03 5.932728993e-03 5.832862058e-03 2.570012342e-05 0.000000000e+00 0.000000000e+00
8.274733014e-01 5.606964063e-03 5.670810195e-03 5.585462112e-03 2.150195108e-05 0.000000000e+00 0.000000000e+00
8.772220817e-01 5.554750211e-03 5.612114517e-03 5.536004605e-03 1.874560599e-05 0.000000000e+00 0.000000000e+00
9.299618239e-01 5.421296401e-03 5.471556304e-03 5.405503746e-03 1.579265473e-05 0.000000000e+00 0.000000000e+00
9.858723487e-01 5.202755579e-03 5.245915646e-03 5.189788277e-03 1.296730151e-05 2.418800113e-226 9.485412708e-229
1.045144288e+00 4.882562000e-03 4.919170819e-03 4.872100960e-03 1.046104011e-05 2.137500753e-213 7.983823271e-216
1.107979733e+00 4.550296543e-03 4.580792457e-03 4.541854759e-03 8.441784541e-06 1.713816954e-200 5.308423081e-203
1.174592928e+00 4.343428786e-03 4.369645006e-03 4.336411259e-03 7.017526863e-06 3.083029460e-189 1.008758143e-191
1.245210996e+00 4.064624298e-03 4.086861327e-03 4.058990614e-03 5.633684125e-06 1.535103035e-178 4.263497743e-181
1.320074714e+00 3.919046146e-03 3.938215577e-03 3.914431069e-03 4.615076656e-06 6.966126919e-168 1.165614840e-170
1.399439338e+00 3.757625015e-03 3.774124334e-03 3.753875274e-03 3.749740434e-06 2.801859886e-158 5.195780235e-161
1.483575466e+00 3.612950410e-03 3.627181334e-03 3.609880621e-03 3.069789820e-06 4.617748018e-149 6.553447437e-152
1.572769969e+00 3.562759743e-03 3.575393063e-03 3.560206941e-03 2.552801823e-06 1.961342178e-140 2.763154376e-143
1.667326963e+00 3.497170320e-03 3.508243583e-03 3.495034070e-03 2.136249753e-06 3.863228245e-132 6.079667958e-135
1.767568847e+00 3.280718585e-03 3.290216044e-03 3.279029654e-03 1.688931087e-06 1.464985716e-124 1.521885125e-127
1.873837405e+00 3.013865166e-03 3.021888960e-03 3.012552540e-03 1.312626247e-06 2.343835493e-117 2.052487244e-120
1.986494968e+00 2.798353564e-03 2.805070231e-03 2.797330122e-03 1.023441949e-06 2.780431675e-110 1.995385794e-113
2.105925651e+00 2.600663236e-03 2.606326246e-03 2.599869772e-03 7.934638047e-07 9.028111861e-104 6.335751273e-107
2.232536664e+00 2.354139614e-03 2.358845380e-03 2.353532893e-03 6.067212740e-07 8.873256059e-98 4.976851235e-101
2.366759696e+00 2.143463630e-03 2.147452845e-03 2.143008807e-03 4.548228110e-07 6.152446896e-92 3.005610436e-95
2.509052394e+00 1.851041036e-03 1.854231175e-03 1.850711241e-03 3.297957196e-07 1.608899370e-86 6.633066314e-90
2.659899915e+00 1.800330125e-03 1.803130447e-03 1.800080113e-03 2.500123928e-07 1.686002821e-81 5.494070717e-85
2.819816587e+00 1.704749992e-03 1.707173078e-03 1.704560737e-03 1.892549131e-07 1.438006863e-76 4.070894521e-80
2.989347660e+00 1.456099003e-03 1.458008835e-03 1.455965624e-03 1.333790054e-07 5.046808209e-72 1.136622595e-75
3.169071162e+00 1.304855691e-03 1.306407287e-03 1.304759316e-03 9.637531452e-08 9.764065220e-68 1.860364220e-71
3.359599877e+00 1.243540975e-03 1.244892731e-03 1.243470600e-03 7.037496978e-08 1.083426547e-63 1.611687364e-67
3.561583429e+00 1.176557115e-03 1.177710696e-03 1.176506083e-03 5.103166233e-08 7.150005605e-60 7.994379555e-64
3.775710497e+00 1.002848732e-03 1.003776015e-03 1.002817758e-03 3.097471275e-08 2.988775785e-56 1.981411855e-60
4.002711165e+00 9.136924474e-04 9.144655531e-04 9.136724308e-04 2.001660417e-08 7.486913140e-53 2.213225038e-57
4.243359411e+00 8.607268219e-04 8.613939998e-04 8.607160499e-04 1.077200681e-08 1.350050811e-49 7.386332070e-55
4.498475745e+00 7.436960677e-04 7.442313466e-04 7.436922470e-04 3.820659844e-09 1.328807071e-46 4.360108508e-53
4.768930007e+00 6.534860141e-04 6.539234515e-04 6.534855117e-04 5.023946545e-10 9.423278257e-44 3.078834290e-52
5.055644335e+00 5.894526236e-04 5.898180619e-04 5.894526231e-04 5.109479013e-13 4.545373611e-41 7.371791399e-55
5.359596304e+00 5.360627227e-04 5.363684503e-04 5.360627227e-04 0.000000000e+00 1.513293010e-38 0.000000000e+00
5.681822265e+00 4.952466790e-04 4.955049429e-04 4.952466790e-04 0.000000000e+00 3.719770900e-36 0.000000000e+00
6.023420872e+00 4.544929132e-04 4.547151105e-04 4.544929132e-04 0.000000000e+00 6.647805378e-34 0.000000000e+00
6.385556837e+00 4.004753784e-04 4.006593873e-04 4.004753784e-04 0.000000000e+00 8.661869871e-32 0.000000000e+00
6.769464890e+00 3.568919929e-04 3.570432444e-04 3.568919929e-04 0.000000000e+00 8.785785880e-30 0.000000000e+00
7.176453999e+00 3.221949774e-04 3.223308179e-04 3.221949774e-04 0.000000000e+00 7.125654971e-28 0.000000000e+00
7.607911827e+00 2.899467933e-04 2.900854996e-04 2.899467933e-04 0.000000000e+00 4.819818778e-26 0.000000000e+00
8.065309466e+00 2.646285840e-04 2.648271165e-04 2.646285840e-04 0.000000000e+00 3.126279422e-24 0.000000000e+00
8.550206451e+00 2.387478769e-04 2.390493117e-04 2.387478769e-04 0.000000000e+00 1.807833475e-22 0.000000000e+00
9.064256079e+00 2.162689446e-04 2.166503209e-04 2.162689446e-04 0.000000000e+00 7.875328068e-21 0.000000000e+00
9.609211044e+00 1.981969688e-04 1.986057935e-04 1.981969688e-04 0.000000000e+00 2.338251751e-19 0.000000000e+00
1.018692942e+01 1.774355654e-04 1.777562032e-04 1.774355654e-04 0.000000000e+00 4.809044104e-18 0.000000000e+00
1.079938098e+01 1.552414328e-04 1.554738767e-04 1.552414328e-04 0.000000000e+00 7.629888768e-17 0.000000000e+00
1.144865393e+01 1.349300498e-04 1.350877457e-04 1.349300498e-04 0.000000000e+00 1.005732536e-15 0.000000000e+00
1.213696202e+01 1.181613481e-04 1.182695006e-04 1.181613481e-04 0.000000000e+00 1.132844908e-14 0.000000000e+00
1.286665210e+01 1.028999226e-04 1.029721654e-04 1.028999225e-04 0.000000000e+00 1.106925243e-13 0.000000000e+00
1.364021210e+01 8.927100516e-05 8.932347510e-05 8.927100420e-05 0.000000000e+00 9.676662333e-13 0.000000000e+00
1.446027954e+01 7.899830252e-05 7.904231302e-05 7.899829386e-05 0.000000000e+00 8.657140733e-12 0.000000000e+00
1.532965052e+01 6.882293399e-05 6.886505945e-05 6.882286033e-05 0.000000000e+00 7.366873461e-11 0.000000000e+00
1.625128922e+01 6.008648152e-05 6.012809661e-05 6.008590826e-05 0.000000000e+00 5.732593604e-10 0.000000000e+00
1.722833804e+01 5.288976112e-05 5.292762567e-05 5.288580661e-05 0.000000000e+00 3.954517882e-09 0.000000000e+00
1.826412832e+01 4.576619344e-05 4.578085635e-05 4.574320762e-05 0.000000000e+00 2.298581896e-08 0.000000000e+00
1.936219168e+01 4.060544089e-05 4.052992138e-05 4.049718492e-05 0.000000000e+00 1.082559767e-07 0.000000000e+00
2.052627204e+01 3.567089898e-05 3.524626123e-05 3.522051201e-05 0.000000000e+00 4.503869736e-07 0.000000000e+00
2.176033844e+01 3.353788063e-05 3.182252394e-05 3.180160143e-05 0.000000000e+00 1.736279207e-06 0.000000000e+00
2.306859853e+01 3.411562953e-05 2.808137037e-05 2.806463285e-05 0.000000000e+00 6.050996679e-06 0.000000000e+00
2.445551294e+01 4.443559336e-05 2.491793126e-05 2.490420870e-05 0.000000000e+00 1.953138466e-05 0.000000000e+00
2.592581045e+01 8.001506773e-05 2.231924497e-05 2.230808767e-05 0.000000000e+00 5.770698006e-05 0.000000000e+00
2.748450419e+01 1.857268119e-04 1.979433993e-05 1.978506510e-05 0.000000000e+00 1.659417468e-04 0.000000000e+00
2.913690863e+01 4.509508139e-04 1.760347593e-05 1.759587020e-05 0.000000000e+00 4.333549437e-04 0.000000000e+00
3.088865780e+01 1.055560852e-03 1.567381556e-05 1.566749111e-05 0.000000000e+00 1.039893361e-03 0.000000000e+00
3.274572442e+01 2.409945411e-03 1.392372637e-05 1.391852395e-05 0.000000000e+00 2.396026887e-03 0.000000000e+00
3.471444033e+01 5.162831066e-03 1.248818315e-05 1.248389969e-05 0.000000000e+00 5.150347167e-03 0.000000000e+00
3.680151802e+01 1.038959017e-02 1.107661003e-05 1.107308840e-05 0.000000000e+00 1.037851708e-02 0.000000000e+00
3.901407356e+01 2.015473602e-02 9.866288485e-06 9.863429299e-06 0.000000000e+00 2.014487259e-02 0.000000000e+00
4.135965084e+01 3.635204144e-02 8.822638253e-06 8.820304439e-06 0.000000000e+00 3.634322113e-02 0.000000000e+00
4.384624730e+01 6.171192984e-02 7.767678681e-06 7.765807840e-06 0.000000000e+00 6.170416403e-02 0.000000000e+00
4.648234121e+01 1.022890900e-01 7.086373763e-06 7.084829032e-06 0.000000000e+00 1.022820052e-01 0.000000000e+00
4.927692053e+01 1.586614410e-01 6.285655832e-06 6.284429236e-06 0.000000000e+00 1.586551566e-01 0.000000000e+00
5.223951363e+01 2.365722162e-01 5.522653146e-06 5.521680491e-06 0.000000000e+00 2.365666945e-01 0.000000000e+00
5.538022172e+01 3.397604596e-01 4.932367339e-06 4.931603945e-06 0.000000000e+00 3.397555280e-01 0.000000000e+00
5.870975330e+01 4.702040716e-01 4.347653759e-06 4.347042224e-06 0.000000000e+00 4.701997246e-01 0.000000000e+00
6.223946068e+01 6.276037937e-01 3.867504287e-06 3.867023963e-06 0.000000000e+00 6.275999267e-01 0.000000000e+00
6.598137870e+01 8.201173208e-01 3.421738318e-06 3.421358107e-06 0.000000000e+00 8.201138994e-01 0.000000000e+00
6.994826574e+01 1.019414665e+00 3.088591745e-06 3.088287557e-06 0.000000000e+00 1.019411577e+00 0.000000000e+00
7.415364723e+01 1.253029745e+00 2.733833330e-06 2.733590839e-06 0.000000000e+00 1.253027011e+00 0.000000000e+00
7.861186177e+01 1.484822299e+00 2.401487118e-06 2.401299272e-06 0.000000000e+00 1.484819898e+00 0.000000000e+00
8.333811002e+01 1.725691135e+00 2.156816611e-06 2.156664233e-06 0.000000000e+00 1.725688979e+00 0.000000000e+00
8.834850651e+01 1.954498962e+00 1.906916794e-06 1.906799262e-06 0.000000000e+00 1.954497055e+00 0.000000000e+00
9.366013462e+01 2.161241183e+00 1.701572716e-06 1.701478612e-06 0.000000000e+00 2.161239482e+00 0.000000000e+00
9.929110477e+01 2.339355912e+00 9.913369312e-07 9.912885407e-07 0.000000000e+00 2.339354921e+00 0.000000000e+00
1.052606162e+02 2.500122252e+00 0.000000000e+00 0.000000000e+00 0.000000000e+00 2.500122252e+00 0.000000000e+00
1.115890226e+02 2.612894796e+00 0.000000000e+00 0.000000000e+00 0.000000000e+00 2.612894796e+00 0.000000000e+00
1.182979010e+02 2.681203037e+00 0.000000000e+00 0.000000000e+00 0.000000000e+00 2.681203037e+00 0.000000000e+00
1.254101260e+02 2.727400364e+00 0.000000000e+00 0.000000000e+00 0.000000000e+00 2.727400364e+00 0.000000000e+00
1.329499472e+02 2.732081020e+00 0.000000000e+00 0.000000000e+00 0.000000000e+00 2.732081020e+00 0.000000000e+00
1.409430725e+02 2.678641610e+00 0.000000000e+00 0.000000000e+00 0.000000000e+00 2.678641610e+00 0.000000000e+00
1.494167549e+02 2.579272457e+00 0.000000000e+00 0.000000000e+00 0.000000000e+00 2.579272457e+00 0.000000000e+00
1.583998862e+02 2.479715386e+00 0.000000000e+00 0.000000000e+00 0.000000000e+00 2.479715386e+00 0.000000000e+00
1.679230951e+02 2.336547365e+00 0.000000000e+00 0.000000000e+00 0.000000000e+00 2.336547365e+00 0.000000000e+00
1.780188519e+02 2.188530509e+00 0.000000000e+00 0.000000000e+00 0.000000000e+00 2.188530509e+00 0.000000000e+00
1.887215788e+02 2.019106398e+00 0.000000000e+00 0.000000000e+00 0.000000000e+00 2.019106398e+00 0.000000000e+00
2.000677676e+02 1.856782171e+00 0.000000000e+00 0.000000000e+00 0.000000000e+00 1.856782171e+00 0.000000000e+00
2.120961043e+02 1.674122654e+00 0.000000000e+00 0.000000000e+00 0.000000000e+00 1.674122654e+00 0.000000000e+00
2.248476003e+02 1.507463536e+00 0.000000000e+00 0.000000000e+00 0.000000000e+00 1.507463536e+00 0.000000000e+00
2.383657330e+02 1.334000595e+00 0.000000000e+00 0.000000000e+00 0.000000000e+00 1.334000595e+00 0.000000000e+00
2.526965935e+02 1.190350189e+00 0.000000000e+00 0.000000000e+00 0.000000000e+00 1.190350189e+00 0.000000000e+00
2.678890442e+02 1.051691906e+00 0.000000000e+00 0.000000000e+00 0.000000000e+00 1.051691906e+00 0.000000000e+00
2.839948849e+02 9.142815768e-01 0.000000000e+00 0.000000000e+00 0.000000000e+00 9.142815768e-01 0.000000000e+00
3.010690299e+02 7.936979413e-01 0.000000000e+00 0.000000000e+00 0.000000000e+00 7.936979413e-01 0.000000000e+00
3.191696949e+02 6.849970202e-01 0.000000000e+00 0.000000000e+00 0.000000000e+00 6.849970202e-01 0.000000000e+00
3.383585957e+02 5.871961240e-01 0.000000000e+00 0.000000000e+00 0.000000000e+00 5.871961240e-01 0.000000000e+00
3.587011583e+02 5.009070341e-01 0.000000000e+00 0.000000000e+00 0.000000000e+00 5.009070341e-01 0.000000000e+00
3.802667425e+02 4.287486940e-01 0.000000000e+00 0.000000000e+00 0.000000000e+00 4.287486940e-01 0.000000000e+00
4.031288779e+02 3.623820900e-01 0.000000000e+00 0.000000000e+00 0.000000000e+00 3.623820900e-01 0.000000000e+00
4.273655148e+02 3.059510103e-01 0.000000000e+00 0.000000000e+00 0.000000000e+00 3.059510103e-01 0.000000000e+00
4.530592901e+02 2.550923845e-01 0.000000000e+00 0.000000000e+00 0.000000000e+00 2.550923845e-01 0.000000000e+00
4.802978090e+02 2.132432144e-01 0.000000000e+00 0.000000000e+00 0.000000000e+00 2.132432144e-01 0.000000000e+00
5.091739433e+02 1.785921176e-01 0.000000000e+00 0.000000000e+00 0.000000000e+00 1.785921176e-01 0.000000000e+00
5.397861487e+02 1.501750114e-01 0.000000000e+00 0.000000000e+00 0.000000000e+00 1.501750114e-01 0.000000000e+00
5.722388000e+02 1.219319932e-01 0.000000000e+00 0.000000000e+00 0.000000000e+00 1.219319932e-01 0.000000000e+00
6.066425473e+02 1.008842984e-01 0.000000000e+00 0.000000000e+00 0.000000000e+00 1.008842984e-01 0.000000000e+00
6.431146930e+02 8.400216442e-02 0.000000000e+00 0.000000000e+00 0.000000000e+00 8.400216442e-02 0.000000000e+00
6.817795920e+02 6.920662011e-02 0.000000000e+00 0.000000000e+00 0.000000000e+00 6.920662011e-02 0.000000000e+00
7.227690754e+02 5.656569077e-02 0.000000000e+00 0.000000000e+00 0.000000000e+00 5.656569077e-02 0.000000000e+00
7.662229003e+02 4.577476571e-02 0.000000000e+00 0.000000000e+00 0.000000000e+00 4.577476571e-02 0.000000000e+00
8.122892262e+02 3.827473104e-02 0.000000000e+00 0.000000000e+00 0.000000000e+00 3.827473104e-02 0.000000000e+00
8.611251200e+02 3.113037291e-02 0.000000000e+00 0.000000000e+00 0.000000000e+00 3.113037291e-02 0.000000000e+00
9.128970918e+02 2.490649184e-02 0.000000000e+00 0.000000000e+00 0.000000000e+00 2.490649184e-02 0.000000000e+00
9.677816625e+02 2.056454766e-02 0.000000000e+00 0.000000000e+00 0.000000000e+00 2.056454766e-02 0.000000000e+00
1.025965966e+03 1.763517128e-02 0.000000000e+00 0.000000000e+00 0.000000000e+00 1.763517128e-02 0.000000000e+00
1.087648385e+03 1.591358018e-02 0.000000000e+00 0.000000000e+00 0.000000000e+00 1.591358018e-02 0.000000000e+00
1.153039233e+03 1.442693938e-02 0.000000000e+00 0.000000000e+00 0.000000000e+00 1.442693938e-02 0.000000000e+00
1.222361464e+03 1.295816561e-02 0.000000000e+00 0.000000000e+00 0.000000000e+00 1.295816561e-02 0.000000000e+00
1.295851439e+03 1.180053268e-02 0.000000000e+00 0.000000000e+00 0.000000000e+00 1.180053268e-02 0.000000000e+00
1.373759727e+03 1.064312771e-02 0.000000000e+00 0.000000000e+00 0.000000000e+00 1.064312771e-02 0.000000000e+00
1.456351964e+03 9.629959340e-03 0.000000000e+00 0.000000000e+00 0.000000000e+00 9.629959340e-03 0.000000000e+00
1.543909754e+03 8.690825522e-03 0.000000000e+00 0.000000000e+00 0.000000000e+00 8.690825522e-03 0.000000000e+00
1.636731634e+03 7.823177426e-03 0.000000000e+00 0.000000000e+00 0.000000000e+00 7.823177426e-03 0.000000000e+00
1.735134087e+03 7.161380232e-03 0.000000000e+00 0.000000000e+00 0.000000000e+00 7.161380232e-03 0.000000000e+00
1.839452624e+03 6.394497516e-03 0.000000000e+00 0.000000000e+00 0.000000000e+00 6.394497516e-03 0.000000000e+00
1.950042929e+03 5.812692764e-03 0.000000000e+00 0.000000000e+00 0.000000000e+00 5.812692764e-03 0.000000000e+00
2.067282068e+03 5.152237485e-03 0.000000000e+00 0.000000000e+00 0.000000000e+00 5.152237485e-03 0.000000000e+00
2.191569778e+03 4.613646978e-03 0.000000000e+00 0.000000000e+00 0.000000000e+00 4.613646978e-03 0.000000000e+00
2.323329827e+03 4.184459642e-03 0.000000000e+00 0.000000000e+00 0.000000000e+00 4.184459642e-03 0.000000000e+00
2.463011464e+03 3.764887710e-03 0.000000000e+00 0.000000000e+00 0.000000000e+00 3.764887710e-03 0.000000000e+00
2.611090944e+03 3.361646723e-03 0.000000000e+00 0.000000000e+00 0.000000000e+00 3.361646723e-03 0.000000000e+00
2.768073157e+03 3.003339542e-03 0.000000000e+00 0.000000000e+00 0.000000000e+00 3.003339542e-03 0.000000000e+00
2.934493346e+03 2.707545954e-03 0.000000000e+00 0.000000000e+00 0.000000000e+00 2.707545954e-03 0.000000000e+00
3.110918936e+03 2.394840266e-03 0.000000000e+00 0.000000000e+00 0.000000000e+00 2.394840266e-03 0.000000000e+00
3.297951463e+03 2.168572851e-03 0.000000000e+00 0.000000000e+00 0.000000000e+00 2.168572851e-03 0.000000000e+00
3.496228631e+03 1.974535849e-03 0.000000000e+00 0.000000000e+00 0.000000000e+00 1.974535849e-03 0.000000000e+00
3.706426483e+03 1.736418405e-03 0.000000000e+00 0.000000000e+00 0.000000000e+00 1.736418405e-03 0.000000000e+00
3.929261705e+03 1.557047777e-03 0.000000000e+00 0.000000000e+00 0.000000000e+00 1.557047777e-03 0.000000000e+00
4.165494073e+03 1.373375832e-03 0.000000000e+00 0.000000000e+00 0.000000000e+00 1.373375832e-03 0.000000000e+00
4.415929040e+03 1.231679993e-03 0.000000000e+00 0.000000000e+00 0.000000000e+00 1.231679993e-03 0.000000000e+00
4.681420487e+03 1.104987892e-03 0.000000000e+00 0.000000000e+00 0.000000000e+00 1.104987892e-03 0.000000000e+00
4.962873628e+03 9.873217333e-04 0.000000000e+00 0.000000000e+00 0.000000000e+00 9.873217333e-04 0.000000000e+00
5.261248100e+03 8.891121621e-04 0.000000000e+00 0.000000000e+00 0.000000000e+00 8.891121621e-04 0.000000000e+00
5.577561237e+03 7.813944061e-04 0.000000000e+00 0.000000000e+00 0.000000000e+00 7.813944061e-04 0.000000000e+00
5.912891535e+03 7.081595995e-04 0.000000000e+00 0.000000000e+00 0.000000000e+00 7.081595995e-04 0.000000000e+00
6.268382331e+03 6.373052899e-04 0.000000000e+00 0.000000000e+00 0.000000000e+00 6.373052899e-04 0.000000000e+00
6.645245699e+03 5.681547404e-04 0.000000000e+00 0.000000000e+00 0.000000000e+00 5.681547404e-04 0.000000000e+00
7.044766588e+03 5.162665217e-04 0.000000000e+00 0.000000000e+00 0.000000000e+00 5.162665217e-04 0.000000000e+00
7.468307196e+03 4.473393374e-04 0.000000000e+00 0.000000000e+00 0.000000000e+00 4.473393374e-04 0.000000000e+00
7.917311621e+03 3.991214255e-04 0.000000000e+00 0.000000000e+00 0.000000000e+00 3.991214255e-04 0.000000000e+00
8.393310782e+03 3.578917915e-04 0.000000000e+00 0.000000000e+00 0.000000000e+00 3.578917915e-04 0.000000000e+00
8.897927636e+03 3.217584603e-04 0.000000000e+00 0.000000000e+00 0.000000000e+00 3.217584603e-04 0.000000000e+00
9.432882717e+03 2.853218218e-04 0.000000000e+00 0.000000000e+00 0.000000000e+00 2.853218218e-04 0.000000000e+00
1.000000000e+04 2.303442032e-04 0.000000000e+00 0.000000000e+00 0.000000000e+00 2.303442032e-04 0.000000000e+00
