# column 1: wavelength (micron)
# column 2: total flux; F_nu (Jy)
# column 3: transparent flux; F_nu (Jy)
# column 4: direct primary flux; F_nu (Jy)
# column 5: scattered primary flux; F_nu (Jy)
# column 6: direct secondary flux; F_nu (Jy)
# column 7: scattered secondary flux; F_nu (Jy)
9.000000000e-02 9.864435494e-05 3.384527676e-03 7.253834205e-05 2.610601289e-05 0.000000000e+00 0.000000000e+00
9.541091806e-02 6.243938623e-04 1.748410064e-02 4.369471896e-04 1.874466728e-04 0.000000000e+00 0.000000000e+00
1.011471476e-01 1.170619593e-03 2.062306067e-02 7.634416353e-04 4.071779575e-04 0.000000000e+00 0.000000000e+00
1.072282468e-01 2.077208237e-03 2.224206274e-02 1.283450695e-03 7.937575420e-04 0.000000000e+00 0.000000000e+00
1.136749497e-01 2.878608674e-03 2.161418474e-02 1.719303356e-03 1.159305318e-03 0.000000000e+00 0.000000000e+00
1.205092367e-01 3.006676958e-03 1.908572601e-02 1.675642297e-03 1.331034661e-03 0.000000000e+00 0.000000000e+00
1.277544101e-01 3.892510289e-03 2.020865884e-02 2.231091351e-03 1.661418939e-03 0.000000000e+00 0.000000000e+00
1.354351729e-01 4.242887663e-03 1.954565557e-02 2.466173159e-03 1.776714504e-03 0.000000000e+00 0.000000000e+00
1.435777131e-01 4.362265621e-03 1.817138624e-02 2.548006119e-03 1.814259502e-03 0.000000000e+00 0.000000000e+00
1.522097936e-01 4.457461242e-03 1.726240984e-02 2.635309671e-03 1.822151571e-03 0.000000000e+00 0.000000000e+00
1.613608460e-01 4.426004058e-03 1.651084451e-02 2.638434446e-03 1.787569613e-03 0.000000000e+00 0.000000000e+00
1.710620718e-01 4.142692119e-03 1.603018476e-02 2.472803932e-03 1.669888187e-03 0.000000000e+00 0.000000000e+00
1.813465479e-01 3.608734166e-03 1.541544053e-02 2.165610708e-03 1.443123458e-03 0.000000000e+00 0.000000000e+00
1.922493402e-01 2.861672527e-03 1.455437121e-02 1.766995004e-03 1.094677523e-03 0.000000000e+00 0.000000000e+00
2.038076228e-01 2.176907009e-03 1.352512582e-02 1.421231362e-03 7.556756471e-04 0.000000000e+00 0.000000000e+00
2.160608044e-01 2.085974649e-03 1.331946698e-02 1.353492976e-03 7.324816726e-04 0.000000000e+00 0.000000000e+00
2.290506634e-01 2.504639352e-03 1.248946923e-02 1.476167541e-03 1.028471811e-03 0.000000000e+00 0.000000000e+00
2.428214897e-01 3.062254662e-03 1.163197704e-02 1.634408231e-03 1.427846431e-03 0.000000000e+00 0.000000000e+00
2.574202362e-01 3.474406394e-03 1.087694932e-02 1.760911992e-03 1.713494402e-03 0.000000000e+00 0.000000000e+00
2.728966785e-01 3.709660313e-03 1.033577658e-02 1.860759621e-03 1.848900693e-03 0.000000000e+00 0.000000000e+00
2.893035848e-01 3.783108604e-03 9.814689691e-03 1.938488091e-03 1.844620513e-03 0.000000000e+00 0.000000000e+00
3.066968958e-01 3.773405257e-03 9.135262922e-03 1.979236000e-03 1.794169257e-03 0.000000000e+00 0.000000000e+00
3.251359155e-01 3.663012339e-03 8.465489594e-03 1.967760161e-03 1.695252178e-03 0.000000000e+00 0.000000000e+00
3.446835132e-01 3.606216041e-03 7.946777186e-03 1.988714255e-03 1.617501787e-03 0.000000000e+00 0.000000000e+00
3.654063382e-01 3.694745006e-03 7.714633714e-03 2.092259458e-03 1.602485548e-03 0.000000000e+00 0.000000000e+00
3.873750465e-01 4.862706742e-03 9.250528646e-03 3.094283750e-03 1.768422992e-03 0.000000000e+00 0.000000000e+00
4.106645425e-01 5.452920968e-03 9.631000838e-03 3.658390583e-03 1.794530384e-03 0.000000000e+00 0.000000000e+00
4.353542335e-01 5.246640319e-03 9.040385067e-03 3.561739788e-03 1.684900531e-03 0.000000000e+00 0.000000000e+00
4.615283011e-01 5.301054919e-03 8.716094429e-03 3.705902731e-03 1.595152188e-03 0.000000000e+00 0.000000000e+00
4.892759879e-01 4.984927659e-03 8.058751251e-03 3.518399087e-03 1.466528572e-03 0.000000000e+00 0.000000000e+00
5.186919022e-01 4.956673690e-03 7.696753523e-03 3.579171038e-03 1.377502652e-03 0.000000000e+00 0.000000000e+00
5.498763397e-01 4.884465043e-03 7.373305198e-03 3.596585449e-03 1.287879594e-03 0.000000000e+00 0.000000000e+00
5.829356266e-01 4.830435978e-03 7.059109872e-03 3.619537016e-03 1.210898962e-03 0.000000000e+00 0.000000000e+00
6.179824811e-01 4.803320263e-03 6.845611885e-03 3.643389452e-03 1.159930811e-03 0.000000000e+00 0.000000000e+00
6.551363985e-01 4.667015711e-03 6.517111222e-03 3.597501122e-03 1.069514589e-03 0.000000000e+00 0.000000000e+00
6.945240582e-01 4.734560375e-03 6.416681472e-03 3.707425911e-03 1.027134463e-03 0.000000000e+00 0.000000000e+00
7.362797556e-01 4.677584946e-03 6.172480062e-03 3.712826211e-03 9.647587348e-04 0.000000000e+00 0.000000000e+00
7.805458603e-01 4.588511805e-03 5.921048901e-03 3.699940673e-03 8.885711320e-04 0.000000000e+00 0.000000000e+00
8.274733014e-01 4.490513655e-03 5.672282331e-03 3.661248577e-03 8.292650785e-04 0.000000000e+00 0.000000000e+00
8.772220817e-01 4.508680544e-03 5.626180856e-03 3.714685644e-03 7.939948998e-04 0.000000000e+00 0.000000000e+00
9.299618239e-01 4.482439968e-03 5.485432586e-03 3.741020848e-03 7.414191200e-04 0.000000000e+00 0.000000000e+00
9.858723487e-01 4.361276276e-03 5.239588948e-03 3.692074903e-03 6.692013730e-04 3.469639175e-118 1.854613718e-118
1.045144288e+00 4.165379958e-03 4.939103144e-03 3.560795514e-03 6.045844446e-04 3.680350014e-111 1.679961884e-111
1.107979733e+00 3.919251237e-03 4.586513820e-03 3.379928977e-03 5.393222596e-04 1.332778289e-104 6.423476878e-105
1.174592928e+00 3.748602163e-03 4.337253282e-03 3.270760326e-03 4.778418372e-04 2.075984513e-98 8.619893745e-99
1.245210996e+00 3.583788958e-03 4.095919308e-03 3.169334068e-03 4.144548901e-04 1.406166001e-92 5.492451112e-93
1.320074714e+00 3.484612604e-03 3.918383775e-03 3.121842727e-03 3.627698761e-04 4.552268636e-87 1.564377546e-87
1.399439338e+00 3.376445627e-03 3.756382387e-03 3.064238712e-03 3.122069145e-04 7.119834038e-82 2.284322572e-82
1.483575466e+00 3.354976382e-03 3.677757623e-03 3.085301354e-03 2.696750276e-04 6.577157532e-77 1.916492315e-77
1.572769969e+00 3.299801874e-03 3.584004230e-03 3.066082037e-03 2.337198369e-04 2.526385320e-72 7.124374272e-73
1.667326963e+00 3.247446577e-03 3.495199352e-03 3.043751115e-03 2.036954627e-04 6.144298822e-68 1.484715422e-68
1.767568847e+00 3.101838271e-03 3.315708500e-03 2.929422669e-03 1.724156025e-04 7.939594358e-64 1.703881128e-64
1.873837405e+00 2.844373157e-03 3.024142745e-03 2.703640838e-03 1.407323189e-04 6.194689302e-60 1.120668416e-60
1.986494968e+00 2.649542072e-03 2.804449189e-03 2.531923106e-03 1.176189659e-04 2.697422246e-56 4.256163792e-57
2.105925651e+00 2.478094729e-03 2.607308272e-03 2.381565493e-03 9.652923545e-05 8.078904771e-53 1.109516484e-53
2.232536664e+00 2.226703812e-03 2.337475729e-03 2.148049366e-03 7.865444680e-05 1.404580663e-49 1.744680442e-50
2.366759696e+00 2.037180438e-03 2.128662218e-03 1.974427537e-03 6.275290110e-05 1.666609087e-46 1.719022244e-47
2.509052394e+00 1.756715270e-03 1.833927864e-03 1.706740188e-03 4.997508190e-05 1.253347710e-43 1.152261107e-44
2.659899915e+00 1.719066683e-03 1.783999995e-03 1.679642341e-03 3.942434266e-05 6.614285513e-41 5.113190457e-42
2.819816587e+00 1.652760165e-03 1.707111700e-03 1.621456930e-03 3.130323470e-05 2.509498653e-38 1.633537214e-39
2.989347660e+00 1.403710240e-03 1.448320497e-03 1.379836027e-03 2.387421263e-05 6.236726505e-36 3.454356115e-37
3.169071162e+00 1.268016893e-03 1.304715801e-03 1.249785243e-03 1.823165052e-05 1.201500758e-33 5.594156249e-35
3.359599877e+00 1.202972775e-03 1.233120040e-03 1.189018303e-03 1.395447257e-05 1.629824198e-31 6.305505723e-33
3.561583429e+00 1.145268215e-03 1.169604612e-03 1.134933818e-03 1.033439660e-05 1.723244416e-29 5.436552911e-31
3.775710497e+00 9.868078129e-04 1.007100102e-03 9.790940560e-04 7.713756880e-06 1.357108235e-27 3.507512627e-29
4.002711165e+00 9.058538828e-04 9.228677312e-04 9.000518348e-04 5.802048038e-06 8.181593087e-26 1.729942223e-27
4.243359411e+00 8.473132027e-04 8.611506913e-04 8.430040970e-04 4.309105691e-06 4.018539286e-24 7.029554777e-26
4.498475745e+00 7.229812338e-04 7.343171325e-04 7.198374136e-04 3.143820193e-06 1.516009604e-22 2.160013005e-24
4.768930007e+00 6.515112654e-04 6.608267190e-04 6.492629702e-04 2.248295155e-06 4.391172671e-21 4.975879763e-23
5.055644335e+00 5.775008079e-04 5.850287205e-04 5.758671491e-04 1.633658782e-06 1.119324325e-19 1.051794620e-21
5.359596304e+00 5.334675382e-04 5.396356569e-04 5.322939629e-04 1.173575250e-06 2.317220808e-18 1.684413344e-20
5.681822265e+00 4.903774181e-04 4.955273924e-04 4.895504715e-04 8.269466645e-07 3.925337405e-17 2.302544206e-19
6.023420872e+00 4.556216786e-04 4.598641271e-04 4.550346337e-04 5.870448653e-07 5.662509579e-16 2.649639213e-18
6.385556837e+00 3.961963922e-04 3.996356468e-04 3.957870593e-04 4.093329197e-07 6.907252411e-15 2.535328100e-17
6.769464890e+00 3.641547813e-04 3.669987945e-04 3.638658207e-04 2.889605324e-07 7.359776821e-14 2.122895972e-16
7.176453999e+00 3.251210754e-04 3.275253275e-04 3.249163686e-04 2.047061906e-07 6.835319449e-13 1.563517961e-15
7.607911827e+00 2.892162221e-04 2.914536246e-04 2.890792383e-04 1.369780462e-07 5.769285705e-12 1.007521285e-14
8.065309466e+00 2.616421733e-04 2.644738039e-04 2.615466055e-04 9.552083547e-08 4.695655232e-11 6.404177852e-14
8.550206451e+00 2.344710254e-04 2.381866555e-04 2.344049969e-04 6.566100584e-08 3.670866587e-10 4.055514852e-13
9.064256079e+00 2.098807770e-04 2.142638817e-04 2.098293862e-04 4.876522511e-08 2.623059527e-09 2.524230773e-12
9.609211044e+00 1.942173777e-04 1.987335536e-04 1.941628873e-04 3.902056805e-08 1.545663480e-08 1.318662102e-11
1.018692942e+01 1.736336910e-04 1.772376221e-04 1.735309474e-04 3.016872256e-08 7.252212229e-08 5.268649939e-11
1.079938098e+01 1.540919961e-04 1.564470995e-04 1.537738398e-04 2.214463640e-08 2.958388857e-07 1.727994448e-10
1.144865393e+01 1.332548962e-04 1.340503200e-04 1.321896111e-04 1.584773220e-08 1.048953592e-06 4.837826792e-10
1.213696202e+01 1.210632231e-04 1.189297560e-04 1.176026752e-04 1.123769219e-08 3.448066691e-06 1.243533871e-09
1.286665210e+01 1.129630886e-04 1.037703311e-04 1.028320637e-04 7.730793983e-09 1.012050667e-05 2.787383003e-09
1.364021210e+01 1.194732182e-04 9.071230671e-05 9.002957239e-05 5.134953318e-09 2.943258675e-05 5.924132492e-09
1.446027954e+01 1.655550710e-04 7.863361871e-05 7.806631760e-05 3.408939347e-09 8.747275738e-05 1.258706383e-08
1.532965052e+01 3.332773709e-04 6.888036085e-05 6.834322972e-05 2.179782629e-09 2.649048129e-04 2.714854931e-08
1.625128922e+01 8.265579190e-04 6.055170102e-05 5.999900663e-05 1.422576683e-09 7.665004729e-04 5.701688291e-08
1.722833804e+01 2.108319620e-03 5.311728631e-05 5.258351739e-05 8.649592886e-10 2.055623655e-03 1.115826510e-07
1.826412832e+01 5.110201298e-03 4.621304572e-05 4.571855499e-05 4.855006538e-10 5.064287574e-03 1.946832809e-07
1.936219168e+01 1.073167583e-02 4.038087122e-05 3.996198436e-05 2.187825668e-10 1.069146133e-02 2.522940524e-07
2.052627204e+01 2.143104112e-02 3.557199275e-05 3.523085196e-05 6.552739829e-11 2.139559550e-02 2.146954096e-07
2.176033844e+01 3.975214027e-02 3.130549213e-05 3.103139222e-05 1.144044698e-11 3.972102175e-02 8.711960764e-08
2.306859853e+01 7.082411322e-02 2.805771619e-05 2.783529688e-05 1.927244260e-13 7.079626569e-02 1.223067189e-08
2.445551294e+01 1.233550169e-01 2.494695146e-05 2.476671328e-05 0.000000000e+00 1.233302502e-01 0.000000000e+00
2.592581045e+01 2.022536794e-01 2.217639850e-05 2.202566468e-05 0.000000000e+00 2.022316537e-01 0.000000000e+00
2.748450419e+01 3.196891653e-01 1.978428482e-05 1.965917348e-05 0.000000000e+00 3.196695061e-01 0.000000000e+00
2.913690863e+01 4.939131632e-01 1.773363908e-05 1.763249527e-05 0.000000000e+00 4.938955307e-01 0.000000000e+00
3.088865780e+01 7.239287879e-01 1.571641821e-05 1.563218005e-05 0.000000000e+00 7.239131557e-01 0.000000000e+00
3.274572442e+01 1.036860776e+00 1.399844431e-05 1.392852180e-05 0.000000000e+00 1.036846847e+00 0.000000000e+00
3.471444033e+01 1.416924819e+00 1.243985018e-05 1.238200233e-05 0.000000000e+00 1.416912437e+00 0.000000000e+00
3.680151802e+01 1.890423087e+00 1.113817358e-05 1.109056013e-05 0.000000000e+00 1.890411996e+00 0.000000000e+00
3.901407356e+01 2.451875420e+00 9.945584773e-06 9.906316886e-06 0.000000000e+00 2.451865514e+00 0.000000000e+00
4.135965084e+01 3.050361282e+00 8.759888909e-06 8.728206400e-06 0.000000000e+00 3.050352554e+00 0.000000000e+00
4.384624730e+01 3.681561664e+00 7.817010150e-06 7.791533860e-06 0.000000000e+00 3.681553873e+00 0.000000000e+00
4.648234121e+01 4.326830662e+00 6.978098916e-06 6.957652767e-06 0.000000000e+00 4.326823704e+00 0.000000000e+00
4.927692053e+01 4.972286951e+00 6.181458182e-06 6.164956982e-06 0.000000000e+00 4.972280786e+00 0.000000000e+00
5.223951363e+01 5.571958001e+00 5.577706642e-06 5.564473083e-06 0.000000000e+00 5.571952436e+00 0.000000000e+00
5.538022172e+01 6.107523707e+00 4.933647948e-06 4.923235470e-06 0.000000000e+00 6.107518784e+00 0.000000000e+00
5.870975330e+01 6.537438744e+00 4.319737696e-06 4.311628086e-06 0.000000000e+00 6.537434433e+00 0.000000000e+00
6.223946068e+01 6.860216391e+00 3.879165176e-06 3.872782896e-06 0.000000000e+00 6.860212518e+00 0.000000000e+00
6.598137870e+01 7.082702011e+00 3.477918520e-06 3.472808081e-06 0.000000000e+00 7.082698538e+00 0.000000000e+00
6.994826574e+01 7.181327924e+00 3.091683248e-06 3.087703333e-06 0.000000000e+00 7.181324837e+00 0.000000000e+00
7.415364723e+01 7.183983382e+00 2.705833446e-06 2.702736461e-06 0.000000000e+00 7.183980680e+00 0.000000000e+00
7.861186177e+01 7.049267903e+00 2.427074159e-06 2.424599445e-06 0.000000000e+00 7.049265478e+00 0.000000000e+00
8.333811002e+01 6.827841833e+00 2.173459170e-06 2.171548413e-06 0.000000000e+00 6.827839662e+00 0.000000000e+00
8.834850651e+01 6.559143742e+00 1.948102705e-06 1.946591277e-06 0.000000000e+00 6.559141796e+00 0.000000000e+00
9.366013462e+01 6.219305199e+00 1.685239157e-06 1.684059366e-06 0.000000000e+00 6.219303515e+00 0.000000000e+00
9.929110477e+01 5.840560670e+00 9.680170076e-07 9.674147565e-07 0.000000000e+00 5.840559702e+00 0.000000000e+00
1.052606162e+02 5.401370793e+00 0.000000000e+00 0.000000000e+00 0.000000000e+00 5.401370793e+00 0.000000000e+00
1.115890226e+02 4.938779848e+00 0.000000000e+00 0.000000000e+00 0.000000000e+00 4.938779848e+00 0.000000000e+00
1.182979010e+02 4.538967221e+00 0.000000000e+00 0.000000000e+00 0.000000000e+00 4.538967221e+00 0.000000000e+00
1.254101260e+02 4.121550388e+00 0.000000000e+00 0.000000000e+00 0.000000000e+00 4.121550388e+00 0.000000000e+00
1.329499472e+02 3.772405525e+00 0.000000000e+00 0.000000000e+00 0.000000000e+00 3.772405525e+00 0.000000000e+00
1.409430725e+02 3.371867850e+00 0.000000000e+00 0.000000000e+00 0.000000000e+00 3.371867850e+00 0.000000000e+00
1.494167549e+02 2.932024619e+00 0.000000000e+00 0.000000000e+00 0.000000000e+00 2.932024619e+00 0.000000000e+00
1.583998862e+02 2.540908092e+00 0.000000000e+00 0.000000000e+00 0.000000000e+00 2.540908092e+00 0.000000000e+00
1.679230951e+02 2.223305318e+00 0.000000000e+00 0.000000000e+00 0.000000000e+00 2.223305318e+00 0.000000000e+00
1.780188519e+02 1.908806916e+00 0.000000000e+00 0.000000000e+00 0.000000000e+00 1.908806916e+00 0.000000000e+00
1.887215788e+02 1.661223738e+00 0.000000000e+00 0.000000000e+00 0.000000000e+00 1.661223738e+00 0.000000000e+00
2.000677676e+02 1.404996012e+00 0.000000000e+00 0.000000000e+00 0.000000000e+00 1.404996012e+00 0.000000000e+00
2.120961043e+02 1.200933198e+00 0.000000000e+00 0.000000000e+00 0.000000000e+00 1.200933198e+00 0.000000000e+00
2.248476003e+02 1.021579495e+00 0.000000000e+00 0.000000000e+00 0.000000000e+00 1.021579495e+00 0.000000000e+00
2.383657330e+02 8.582488012e-01 0.000000000e+00 0.000000000e+00 0.000000000e+00 8.582488012e-01 0.000000000e+00
2.526965935e+02 7.416712398e-01 0.000000000e+00 0.000000000e+00 0.000000000e+00 7.416712398e-01 0.000000000e+00
2.678890442e+02 6.158047177e-01 0.000000000e+00 0.000000000e+00 0.000000000e+00 6.158047177e-01 0.000000000e+00
2.839948849e+02 5.223281353e-01 0.000000000e+00 0.000000000e+00 0.000000000e+00 5.223281353e-01 0.000000000e+00
3.010690299e+02 4.336542052e-01 0.000000000e+00 0.000000000e+00 0.000000000e+00 4.336542052e-01 0.000000000e+00
3.191696949e+02 3.691701574e-01 0.000000000e+00 0.000000000e+00 0.000000000e+00 3.691701574e-01 0.000000000e+00
3.383585957e+02 3.054084394e-01 0.000000000e+00 0.000000000e+00 0.000000000e+00 3.054084394e-01 0.000000000e+00
3.587011583e+02 2.548761624e-01 0.000000000e+00 0.000000000e+00 0.000000000e+00 2.548761624e-01 0.000000000e+00
3.802667425e+02 2.077828405e-01 0.000000000e+00 0.000000000e+00 0.000000000e+00 2.077828405e-01 0.000000000e+00
4.031288779e+02 1.748351682e-01 0.000000000e+00 0.000000000e+00 0.000000000e+00 1.748351682e-01 0.000000000e+00
4.273655148e+02 1.433766774e-01 0.000000000e+00 0.000000000e+00 0.000000000e+00 1.433766774e-01 0.000000000e+00
4.530592901e+02 1.179173161e-01 0.000000000e+00 0.000000000e+00 0.000000000e+00 1.179173161e-01 0.000000000e+00
4.802978090e+02 9.612138586e-02 0.000000000e+00 0.000000000e+00 0.000000000e+00 9.612138586e-02 0.000000000e+00
5.091739433e+02 8.019232175e-02 0.000000000e+00 0.000000000e+00 0.000000000e+00 8.019232175e-02 0.000000000e+00
5.397861487e+02 6.607664561e-02 0.000000000e+00 0.000000000e+00 0.000000000e+00 6.607664561e-02 0.000000000e+00
5.722388000e+02 5.441515322e-02 0.000000000e+00 0.000000000e+00 0.000000000e+00 5.441515322e-02 0.000000000e+00
6.066425473e+02 4.431215515e-02 0.000000000e+00 0.000000000e+00 0.000000000e+00 4.431215515e-02 0.000000000e+00
6.431146930e+02 3.623127714e-02 0.000000000e+00 0.000000000e+00 0.000000000e+00 3.623127714e-02 0.000000000e+00
6.817795920e+02 2.911834597e-02 0.000000000e+00 0.000000000e+00 0.000000000e+00 2.911834597e-02 0.000000000e+00
7.227690754e+02 2.451298424e-02 0.000000000e+00 0.000000000e+00 0.000000000e+00 2.451298424e-02 0.000000000e+00
7.662229003e+02 1.949978346e-02 0.000000000e+00 0.000000000e+00 0.000000000e+00 1.949978346e-02 0.000000000e+00
8.122892262e+02 1.562250813e-02 0.000000000e+00 0.000000000e+00 0.000000000e+00 1.562250813e-02 0.000000000e+00
8.611251200e+02 1.283001275e-02 0.000000000e+00 0.000000000e+00 0.000000000e+00 1.283001275e-02 0.000000000e+00
9.128970918e+02 1.041327796e-02 0.000000000e+00 0.000000000e+00 0.000000000e+00 1.041327796e-02 0.000000000e+00
9.677816625e+02 8.494264057e-03 0.000000000e+00 0.000000000e+00 0.000000000e+00 8.494264057e-03 0.000000000e+00
1.025965966e+03 7.276622200e-03 0.000000000e+00 0.000000000e+00 0.000000000e+00 7.276622200e-03 0.000000000e+00
1.087648385e+03 6.456286939e-03 0.000000000e+00 0.000000000e+00 0.000000000e+00 6.456286939e-03 0.000000000e+00
1.153039233e+03 5.853360136e-03 0.000000000e+00 0.000000000e+00 0.000000000e+00 5.853360136e-03 0.000000000e+00
1.222361464e+03 5.352497727e-03 0.000000000e+00 0.000000000e+00 0.000000000e+00 5.352497727e-03 0.000000000e+00
1.295851439e+03 4.767282557e-03 0.000000000e+00 0.000000000e+00 0.000000000e+00 4.767282557e-03 0.000000000e+00
1.373759727e+03 4.336574697e-03 0.000000000e+00 0.000000000e+00 0.000000000e+00 4.336574697e-03 0.000000000e+00
1.456351964e+03 3.888723163e-03 0.000000000e+00 0.000000000e+00 0.000000000e+00 3.888723163e-03 0.000000000e+00
1.543909754e+03 3.479561747e-03 0.000000000e+00 0.000000000e+00 0.000000000e+00 3.479561747e-03 0.000000000e+00
1.636731634e+03 3.161087031e-03 0.000000000e+00 0.000000000e+00 0.000000000e+00 3.161087031e-03 0.000000000e+00
1.735134087e+03 2.803992057e-03 0.000000000e+00 0.000000000e+00 0.000000000e+00 2.803992057e-03 0.000000000e+00
1.839452624e+03 2.523632625e-03 0.000000000e+00 0.000000000e+00 0.000000000e+00 2.523632625e-03 0.000000000e+00
1.950042929e+03 2.283999428e-03 0.000000000e+00 0.000000000e+00 0.000000000e+00 2.283999428e-03 0.000000000e+00
2.067282068e+03 2.025693641e-03 0.000000000e+00 0.000000000e+00 0.000000000e+00 2.025693641e-03 0.000000000e+00
2.191569778e+03 1.834317718e-03 0.000000000e+00 0.000000000e+00 0.000000000e+00 1.834317718e-03 0.000000000e+00
2.323329827e+03 1.655235006e-03 0.000000000e+00 0.000000000e+00 0.000000000e+00 1.655235006e-03 0.000000000e+00
2.463011464e+03 1.484378802e-03 0.000000000e+00 0.000000000e+00 0.000000000e+00 1.484378802e-03 0.000000000e+00
2.611090944e+03 1.323329371e-03 0.000000000e+00 0.000000000e+00 0.000000000e+00 1.323329371e-03 0.000000000e+00
2.768073157e+03 1.184699280e-03 0.000000000e+00 0.000000000e+00 0.000000000e+00 1.184699280e-03 0.000000000e+00
2.934493346e+03 1.055398107e-03 0.000000000e+00 0.000000000e+00 0.000000000e+00 1.055398107e-03 0.000000000e+00
3.110918936e+03 9.541958296e-04 0.000000000e+00 0.000000000e+00 0.000000000e+00 9.541958296e-04 0.000000000e+00
3.297951463e+03 8.511752125e-04 0.000000000e+00 0.000000000e+00 0.000000000e+00 8.511752125e-04 0.000000000e+00
3.496228631e+03 7.608203876e-04 0.000000000e+00 0.000000000e+00 0.000000000e+00 7.608203876e-04 0.000000000e+00
3.706426483e+03 6.825367911e-04 0.000000000e+00 0.000000000e+00 0.000000000e+00 6.825367911e-04 0.000000000e+00
3.929261705e+03 6.024194818e-04 0.000000000e+00 0.000000000e+00 0.000000000e+00 6.024194818e-04 0.000000000e+00
4.165494073e+03 5.356830607e-04 0.000000000e+00 0.000000000e+00 0.000000000e+00 5.356830607e-04 0.000000000e+00
4.415929040e+03 4.812064950e-04 0.000000000e+00 0.000000000e+00 0.000000000e+00 4.812064950e-04 0.000000000e+00
4.681420487e+03 4.280098153e-04 0.000000000e+00 0.000000000e+00 0.000000000e+00 4.280098153e-04 0.000000000e+00
4.962873628e+03 3.888692581e-04 0.000000000e+00 0.000000000e+00 0.000000000e+00 3.888692581e-04 0.000000000e+00
5.261248100e+03 3.421328914e-04 0.000000000e+00 0.000000000e+00 0.000000000e+00 3.421328914e-04 0.000000000e+00
5.577561237e+03 3.091281780e-04 0.000000000e+00 0.000000000e+00 0.000000000e+00 3.091281780e-04 0.000000000e+00
5.912891535e+03 2.714745729e-04 0.000000000e+00 0.000000000e+00 0.000000000e+00 2.714745729e-04 0.000000000e+00
6.268382331e+03 2.453588290e-04 0.000000000e+00 0.000000000e+00 0.000000000e+00 2.453588290e-04 0.000000000e+00
6.645245699e+03 2.198794405e-04 0.000000000e+00 0.000000000e+00 0.000000000e+00 2.198794405e-04 0.000000000e+00
7.044766588e+03 1.958960496e-04 0.000000000e+00 0.000000000e+00 0.000000000e+00 1.958960496e-04 0.000000000e+00
7.468307196e+03 1.719727816e-04 0.000000000e+00 0.000000000e+00 0.000000000e+00 1.719727816e-04 0.000000000e+00
7.917311621e+03 1.552046943e-04 0.000000000e+00 0.000000000e+00 0.000000000e+00 1.552046943e-04 0.000000000e+00
8.393310782e+03 1.382855897e-04 0.000000000e+00 0.000000000e+00 0.000000000e+00 1.382855897e-04 0.000000000e+00
8.897927636e+03 1.226871043e-04 0.000000000e+00 0.000000000e+00 0.000000000e+00 1.226871043e-04 0.000000000e+00
9.432882717e+03 1.088480570e-04 0.000000000e+00 0.000000000e+00 0.000000000e+00 1.088480570e-04 0.000000000e+00
1.000000000e+04 8.751412051e-05 0.000000000e+00 0.000000000e+00 0.000000000e+00 8.751412051e-05 0.000000000e+00
