# column 1: wavelength (micron)
# column 2: total flux; F_nu (Jy)
# column 3: transparent flux; F_nu (Jy)
# column 4: direct primary flux; F_nu (Jy)
# column 5: scattered primary flux; F_nu (Jy)
# column 6: direct secondary flux; F_nu (Jy)
# column 7: scattered secondary flux; F_nu (Jy)
9.000000000e-02 1.050010091e-08 3.378702255e-02 8.959861860e-09 1.540239050e-09 0.000000000e+00 0.000000000e+00
9.541091806e-02 3.128547994e-07 1.752674062e-01 2.603526798e-07 5.250211959e-08 0.000000000e+00 0.000000000e+00
1.011471476e-01 4.119638466e-06 2.055574656e-01 3.411441408e-06 7.081970578e-07 0.000000000e+00 0.000000000e+00
1.072282468e-01 2.471139636e-05 2.203906323e-01 1.963279641e-05 5.078599949e-06 0.000000000e+00 0.000000000e+00
1.136749497e-01 4.480885367e-05 2.136474268e-01 3.508545180e-05 9.723401871e-06 0.000000000e+00 0.000000000e+00
1.205092367e-01 1.904520512e-05 1.906474054e-01 1.483534696e-05 4.209858164e-06 0.000000000e+00 0.000000000e+00
1.277544101e-01 7.324460464e-05 1.995953637e-01 5.613423970e-05 1.711036494e-05 0.000000000e+00 0.000000000e+00
1.354351729e-01 1.134695506e-04 1.915010223e-01 8.764244823e-05 2.582710241e-05 0.000000000e+00 0.000000000e+00
1.435777131e-01 1.367399842e-04 1.774667478e-01 1.064169654e-04 3.032301880e-05 0.000000000e+00 0.000000000e+00
1.522097936e-01 1.524378179e-04 1.692654093e-01 1.188538640e-04 3.358395388e-05 0.000000000e+00 0.000000000e+00
1.613608460e-01 1.632769832e-04 1.603049271e-01 1.279131839e-04 3.536379931e-05 0.000000000e+00 0.000000000e+00
1.710620718e-01 1.667721000e-04 1.562075437e-01 1.298021173e-04 3.696998266e-05 0.000000000e+00 0.000000000e+00
1.813465479e-01 1.615194498e-04 1.485241997e-01 1.270911812e-04 3.442826858e-05 0.000000000e+00 0.000000000e+00
1.922493402e-01 1.446996978e-04 1.393866545e-01 1.164016249e-04 2.829807287e-05 0.000000000e+00 0.000000000e+00
2.038076228e-01 1.206159824e-04 1.299439636e-01 9.906170428e-05 2.155427807e-05 0.000000000e+00 0.000000000e+00
2.160608044e-01 1.182853295e-04 1.271692618e-01 9.751199268e-05 2.077333681e-05 0.000000000e+00 0.000000000e+00
2.290506634e-01 1.429846370e-04 1.189759802e-01 1.151140920e-04 2.787054500e-05 0.000000000e+00 0.000000000e+00
2.428214897e-01 1.783129958e-04 1.107294697e-01 1.391503772e-04 3.916261855e-05 0.000000000e+00 0.000000000e+00
2.574202362e-01 2.229833846e-04 1.037509033e-01 1.726719932e-04 5.031139140e-05 0.000000000e+00 0.000000000e+00
2.728966785e-01 2.714282640e-04 9.717473723e-02 2.118359832e-04 5.959228078e-05 0.000000000e+00 0.000000000e+00
2.893035848e-01 3.234133089e-04 9.080438225e-02 2.544779766e-04 6.893533224e-05 0.000000000e+00 0.000000000e+00
3.066968958e-01 3.865865875e-04 8.420413444e-02 3.073043681e-04 7.928221937e-05 0.000000000e+00 0.000000000e+00
3.251359155e-01 4.478880742e-04 7.685214149e-02 3.554564494e-04 9.243162481e-05 0.000000000e+00 0.000000000e+00
3.446835132e-01 5.162883695e-04 7.049964675e-02 4.085412534e-04 1.077471160e-04 0.000000000e+00 0.000000000e+00
3.654063382e-01 6.336189395e-04 6.641534108e-02 4.996312702e-04 1.339876693e-04 0.000000000e+00 0.000000000e+00
3.873750465e-01 1.155484004e-03 7.384869086e-02 9.208369305e-04 2.346470733e-04 0.000000000e+00 0.000000000e+00
4.106645425e-01 1.585710499e-03 7.324783407e-02 1.264161453e-03 3.215490464e-04 0.000000000e+00 0.000000000e+00
4.353542335e-01 1.715534493e-03 6.706225290e-02 1.343210324e-03 3.723241685e-04 0.000000000e+00 0.000000000e+00
4.615283011e-01 2.019566827e-03 6.310225676e-02 1.551993765e-03 4.675730620e-04 0.000000000e+00 0.000000000e+00
4.892759879e-01 2.176788375e-03 5.660900044e-02 1.627508417e-03 5.492799584e-04 0.000000000e+00 0.000000000e+00
5.186919022e-01 2.499299200e-03 5.249558279e-02 1.841932014e-03 6.573671861e-04 0.000000000e+00 0.000000000e+00
5.498763397e-01 2.855664903e-03 4.897576453e-02 2.080602368e-03 7.750625352e-04 0.000000000e+00 0.000000000e+00
5.829356266e-01 3.262952673e-03 4.491642181e-02 2.369232973e-03 8.937197003e-04 0.000000000e+00 0.000000000e+00
6.179824811e-01 3.711184177e-03 4.236747283e-02 2.679161454e-03 1.032022723e-03 0.000000000e+00 0.000000000e+00
6.551363985e-01 4.142906315e-03 3.917569682e-02 2.986431541e-03 1.156474774e-03 0.000000000e+00 0.000000000e+00
6.945240582e-01 4.716479607e-03 3.761699101e-02 3.423286644e-03 1.293192963e-03 0.000000000e+00 0.000000000e+00
7.362797556e-01 5.180807567e-03 3.470029248e-02 3.819848571e-03 1.360958996e-03 0.000000000e+00 0.000000000e+00
7.805458603e-01 5.691918447e-03 3.236999210e-02 4.267653856e-03 1.424264591e-03 0.000000000e+00 0.000000000e+00
8.274733014e-01 6.136993926e-03 2.994370216e-02 4.681142107e-03 1.455851819e-03 0.000000000e+00 0.000000000e+00
8.772220817e-01 6.824389016e-03 2.905021700e-02 5.256146650e-03 1.568242366e-03 0.000000000e+00 0.000000000e+00
9.299618239e-01 7.351412803e-03 2.742965265e-02 5.766693208e-03 1.584719594e-03 0.000000000e+00 0.000000000e+00
9.858723487e-01 7.721553791e-03 2.554823619e-02 6.187626767e-03 1.533927024e-03 1.130768230e-105 3.619380852e-106
1.045144288e+00 7.931893519e-03 2.348607660e-02 6.484752218e-03 1.447141301e-03 2.698946486e-99 7.459969598e-100
1.107979733e+00 7.911591787e-03 2.119737962e-02 6.581939672e-03 1.329652115e-03 2.633831640e-93 6.604925766e-94
1.174592928e+00 8.004257706e-03 1.957816508e-02 6.774896101e-03 1.229361606e-03 1.144294497e-87 2.548987331e-88
1.245210996e+00 7.944293305e-03 1.786709196e-02 6.844068816e-03 1.100224489e-03 2.290417293e-82 4.409260885e-83
1.320074714e+00 7.833352115e-03 1.629010951e-02 6.870791656e-03 9.625604591e-04 2.368022431e-77 4.059655004e-78
1.399439338e+00 7.830606592e-03 1.520357792e-02 6.977263889e-03 8.533427032e-04 1.254806454e-72 1.732390522e-73
1.483575466e+00 7.631407783e-03 1.386233772e-02 6.894021910e-03 7.373858726e-04 3.540424276e-68 4.367241375e-69
1.572769969e+00 7.619297335e-03 1.306503904e-02 6.968559968e-03 6.507373672e-04 5.130883114e-64 5.705173821e-65
1.667326963e+00 7.441455619e-03 1.210675280e-02 6.884467806e-03 5.569878130e-04 4.396129987e-60 4.220592045e-61
1.767568847e+00 7.174117339e-03 1.116973076e-02 6.707578674e-03 4.665386650e-04 2.231709371e-56 1.856852273e-57
1.873837405e+00 6.808472784e-03 1.022205090e-02 6.421249487e-03 3.872232966e-04 7.867448063e-53 5.695190576e-54
1.986494968e+00 6.460780057e-03 9.331567612e-03 6.143543912e-03 3.172361448e-04 1.612482931e-49 9.905362702e-51
2.105925651e+00 6.103764453e-03 8.559009128e-03 5.841180712e-03 2.625837404e-04 2.030490255e-46 1.071636276e-47
2.232536664e+00 5.728144103e-03 7.813992639e-03 5.513363297e-03 2.147808059e-04 1.780480773e-43 8.062621651e-45
2.366759696e+00 5.282765327e-03 7.027127953e-03 5.111154587e-03 1.716107405e-04 1.059527499e-40 4.153097847e-42
2.509052394e+00 4.828295612e-03 6.293544134e-03 4.692911287e-03 1.353843250e-04 4.133287812e-38 1.379783140e-39
2.659899915e+00 4.529994090e-03 5.749210909e-03 4.424479228e-03 1.055148614e-04 1.171747957e-35 3.291827976e-37
2.819816587e+00 4.263037615e-03 5.293138989e-03 4.179715277e-03 8.332233854e-05 2.364089335e-33 5.540685610e-35
2.989347660e+00 3.832533595e-03 4.690447116e-03 3.768124956e-03 6.440863889e-05 3.495678393e-31 6.891373994e-33
3.169071162e+00 3.469772193e-03 4.172187180e-03 3.421131207e-03 4.864098598e-05 3.888769021e-29 6.466489333e-31
3.359599877e+00 3.248843453e-03 3.840882724e-03 3.211335664e-03 3.750778942e-05 3.369421770e-27 4.637801367e-29
3.561583429e+00 2.982747635e-03 3.473724039e-03 2.954520276e-03 2.822735879e-05 2.258856739e-25 2.575163402e-27
3.775710497e+00 2.662291998e-03 3.068382528e-03 2.641201476e-03 2.109052182e-05 1.180313215e-23 1.105718054e-25
4.002711165e+00 2.425403071e-03 2.762752504e-03 2.409714216e-03 1.568885467e-05 4.516127278e-22 3.499777853e-24
4.243359411e+00 2.253743839e-03 2.537020184e-03 2.241885665e-03 1.185817345e-05 1.486715670e-20 9.396880417e-23
4.498475745e+00 2.000604632e-03 2.234232418e-03 1.991908367e-03 8.696265325e-06 4.001352440e-19 2.066329713e-21
4.768930007e+00 1.802232654e-03 1.996609220e-03 1.795878136e-03 6.354518204e-06 8.857325227e-18 3.701309575e-20
5.055644335e+00 1.622817440e-03 1.784369127e-03 1.618188497e-03 4.628942912e-06 1.665871972e-16 5.607259258e-19
5.359596304e+00 1.485393806e-03 1.620571135e-03 1.482025849e-03 3.367956588e-06 2.446001962e-15 6.654052894e-18
5.681822265e+00 1.336694789e-03 1.450459560e-03 1.334264852e-03 2.429937417e-06 3.264507398e-14 7.097186639e-17
6.023420872e+00 1.208547077e-03 1.304016976e-03 1.206810474e-03 1.736602632e-06 3.559480598e-13 6.172277898e-16
6.385556837e+00 1.084563630e-03 1.165106604e-03 1.083331423e-03 1.232204206e-06 3.409884603e-12 4.692566000e-15
6.769464890e+00 9.794032256e-04 1.047921037e-03 9.785321653e-04 8.710321407e-07 2.812948999e-11 3.063593352e-14
7.176453999e+00 8.718728286e-04 9.308848965e-04 8.712702734e-04 6.023441273e-07 2.108874302e-10 1.782392365e-13
7.607911827e+00 7.794379863e-04 8.404267398e-04 7.790244176e-04 4.121836487e-07 1.384110389e-09 9.085346180e-13
8.065309466e+00 6.646707883e-04 7.487097075e-04 6.643973326e-04 2.649759740e-07 8.475440067e-09 4.287807728e-12
8.550206451e+00 5.520101579e-04 6.713671500e-04 5.517918477e-04 1.686857703e-07 4.960446763e-08 1.998237208e-11
9.064256079e+00 4.630994487e-04 6.070304183e-04 4.627294434e-04 1.142514871e-07 2.556662478e-07 8.747791684e-11
9.609211044e+00 4.000779069e-04 5.438475730e-04 3.987580663e-04 8.498478376e-08 1.234480192e-06 3.756340819e-10
1.018692942e+01 3.750354044e-04 4.874320953e-04 3.698432496e-04 6.829291783e-08 5.122526433e-06 1.335492644e-09
1.079938098e+01 3.610337764e-04 4.286820233e-04 3.413132095e-04 5.394018139e-08 1.966236447e-05 4.262305108e-09
1.144865393e+01 3.808316149e-04 3.786445596e-04 3.164034099e-04 4.067233157e-08 6.437637954e-05 1.115311470e-08
1.213696202e+01 4.869759347e-04 3.327508729e-04 2.888370577e-04 2.967050055e-08 1.980826229e-04 2.658353051e-08
1.286665210e+01 8.362101014e-04 2.961202478e-04 2.647849442e-04 1.656946325e-08 5.713703746e-04 3.821311618e-08
1.364021210e+01 1.712367228e-03 2.608102261e-04 2.379522291e-04 1.101752633e-09 1.474406901e-03 6.996913927e-09
1.446027954e+01 4.191533416e-03 2.309738516e-04 2.117610481e-04 1.396498370e-10 3.979772229e-03 9.364021535e-28
1.532965052e+01 1.080344304e-02 2.049649047e-04 1.860800554e-04 2.111194979e-12 1.061736298e-02 5.368889024e-38
1.625128922e+01 2.850191175e-02 1.821599783e-04 1.630670368e-04 0.000000000e+00 2.833884471e-02 0.000000000e+00
1.722833804e+01 6.727119065e-02 1.618340347e-04 1.429971907e-04 0.000000000e+00 6.712819346e-02 0.000000000e+00
1.826412832e+01 1.534892830e-01 1.423950393e-04 1.249658356e-04 0.000000000e+00 1.533643172e-01 0.000000000e+00
1.936219168e+01 3.093431870e-01 1.256231203e-04 1.107203323e-04 0.000000000e+00 3.092324667e-01 0.000000000e+00
2.052627204e+01 5.859298918e-01 1.115519652e-04 9.941525541e-05 0.000000000e+00 5.858304766e-01 0.000000000e+00
2.176033844e+01 1.034060971e+00 9.964615833e-05 8.976032944e-05 0.000000000e+00 1.033971211e+00 0.000000000e+00
2.306859853e+01 1.744886823e+00 8.850103231e-05 8.051677143e-05 0.000000000e+00 1.744806307e+00 0.000000000e+00
2.445551294e+01 2.895069919e+00 7.842294354e-05 7.188925508e-05 0.000000000e+00 2.894998029e+00 0.000000000e+00
2.592581045e+01 4.496443549e+00 6.945586464e-05 6.410326256e-05 0.000000000e+00 4.496379445e+00 0.000000000e+00
2.748450419e+01 6.840400035e+00 6.237765724e-05 5.791368838e-05 0.000000000e+00 6.840342121e+00 0.000000000e+00
2.913690863e+01 1.000859905e+01 5.531272340e-05 5.163889705e-05 0.000000000e+00 1.000854741e+01 0.000000000e+00
3.088865780e+01 1.400239750e+01 4.940537133e-05 4.635508003e-05 0.000000000e+00 1.400235115e+01 0.000000000e+00
3.274572442e+01 1.896367635e+01 4.372243272e-05 4.121791080e-05 0.000000000e+00 1.896363514e+01 0.000000000e+00
3.471444033e+01 2.492573378e+01 3.884950064e-05 3.677478729e-05 0.000000000e+00 2.492569701e+01 0.000000000e+00
3.680151802e+01 3.157105205e+01 3.467598924e-05 3.296647766e-05 0.000000000e+00 3.157101908e+01 0.000000000e+00
3.901407356e+01 3.842100152e+01 3.077219452e-05 2.937453531e-05 0.000000000e+00 3.842097214e+01 0.000000000e+00
4.135965084e+01 4.588144962e+01 2.736669229e-05 2.622406393e-05 0.000000000e+00 4.588142340e+01 0.000000000e+00
4.384624730e+01 5.243020553e+01 2.454214353e-05 2.361148718e-05 0.000000000e+00 5.243018192e+01 0.000000000e+00
4.648234121e+01 5.888798993e+01 2.169498976e-05 2.095440041e-05 0.000000000e+00 5.888796898e+01 0.000000000e+00
4.927692053e+01 6.390211973e+01 1.929017172e-05 1.869533221e-05 0.000000000e+00 6.390210103e+01 0.000000000e+00
5.223951363e+01 6.790510526e+01 1.716754374e-05 1.669216240e-05 0.000000000e+00 6.790508857e+01 0.000000000e+00
5.538022172e+01 7.076981650e+01 1.526295761e-05 1.488438056e-05 0.000000000e+00 7.076980162e+01 0.000000000e+00
5.870975330e+01 7.241127151e+01 1.352020209e-05 1.322029138e-05 0.000000000e+00 7.241125829e+01 0.000000000e+00
6.223946068e+01 7.241903023e+01 1.208032218e-05 1.184157522e-05 0.000000000e+00 7.241901839e+01 0.000000000e+00
6.598137870e+01 7.184368140e+01 1.067717115e-05 1.048906857e-05 0.000000000e+00 7.184367091e+01 0.000000000e+00
6.994826574e+01 7.024730462e+01 9.446315951e-06 9.297993153e-06 0.000000000e+00 7.024729532e+01 0.000000000e+00
7.415364723e+01 6.760042164e+01 8.429966631e-06 8.312377971e-06 0.000000000e+00 6.760041333e+01 0.000000000e+00
7.861186177e+01 6.420782618e+01 7.466440354e-06 7.373744877e-06 0.000000000e+00 6.420781881e+01 0.000000000e+00
8.333811002e+01 6.066158231e+01 6.675636009e-06 6.602681423e-06 0.000000000e+00 6.066157570e+01 0.000000000e+00
8.834850651e+01 5.679667990e+01 5.904970222e-06 5.847051005e-06 0.000000000e+00 5.679667405e+01 0.000000000e+00
9.366013462e+01 5.318528071e+01 5.201877796e-06 5.156924064e-06 0.000000000e+00 5.318527555e+01 0.000000000e+00
9.929110477e+01 4.909749135e+01 3.016974405e-06 2.993205652e-06 0.000000000e+00 4.909748835e+01 0.000000000e+00
1.052606162e+02 4.551500383e+01 0.000000000e+00 0.000000000e+00 0.000000000e+00 4.551500383e+01 0.000000000e+00
1.115890226e+02 4.174202982e+01 0.000000000e+00 0.000000000e+00 0.000000000e+00 4.174202982e+01 0.000000000e+00
1.182979010e+02 3.893316978e+01 0.000000000e+00 0.000000000e+00 0.000000000e+00 3.893316978e+01 0.000000000e+00
1.254101260e+02 3.636205179e+01 0.000000000e+00 0.000000000e+00 0.000000000e+00 3.636205179e+01 0.000000000e+00
1.329499472e+02 3.376915241e+01 0.000000000e+00 0.000000000e+00 0.000000000e+00 3.376915241e+01 0.000000000e+00
1.409430725e+02 3.158340972e+01 0.000000000e+00 0.000000000e+00 0.000000000e+00 3.158340972e+01 0.000000000e+00
1.494167549e+02 2.896076330e+01 0.000000000e+00 0.000000000e+00 0.000000000e+00 2.896076330e+01 0.000000000e+00
1.583998862e+02 2.729280137e+01 0.000000000e+00 0.000000000e+00 0.000000000e+00 2.729280137e+01 0.000000000e+00
1.679230951e+02 2.522238197e+01 0.000000000e+00 0.000000000e+00 0.000000000e+00 2.522238197e+01 0.000000000e+00
1.780188519e+02 2.352311098e+01 0.000000000e+00 0.000000000e+00 0.000000000e+00 2.352311098e+01 0.000000000e+00
1.887215788e+02 2.236488889e+01 0.000000000e+00 0.000000000e+00 0.000000000e+00 2.236488889e+01 0.000000000e+00
2.000677676e+02 2.070356742e+01 0.000000000e+00 0.000000000e+00 0.000000000e+00 2.070356742e+01 0.000000000e+00
2.120961043e+02 1.923739833e+01 0.000000000e+00 0.000000000e+00 0.000000000e+00 1.923739833e+01 0.000000000e+00
2.248476003e+02 1.805990008e+01 0.000000000e+00 0.000000000e+00 0.000000000e+00 1.805990008e+01 0.000000000e+00
2.383657330e+02 1.667566815e+01 0.000000000e+00 0.000000000e+00 0.000000000e+00 1.667566815e+01 0.000000000e+00
2.526965935e+02 1.547439923e+01 0.000000000e+00 0.000000000e+00 0.000000000e+00 1.547439923e+01 0.000000000e+00
2.678890442e+02 1.415043362e+01 0.000000000e+00 0.000000000e+00 0.000000000e+00 1.415043362e+01 0.000000000e+00
2.839948849e+02 1.291287123e+01 0.000000000e+00 0.000000000e+00 0.000000000e+00 1.291287123e+01 0.000000000e+00
3.010690299e+02 1.178918935e+01 0.000000000e+00 0.000000000e+00 0.000000000e+00 1.178918935e+01 0.000000000e+00
3.191696949e+02 1.056348914e+01 0.000000000e+00 0.000000000e+00 0.000000000e+00 1.056348914e+01 0.000000000e+00
3.383585957e+02 9.525045801e+00 0.000000000e+00 0.000000000e+00 0.000000000e+00 9.525045801e+00 0.000000000e+00
3.587011583e+02 8.612243602e+00 0.000000000e+00 0.000000000e+00 0.000000000e+00 8.612243602e+00 0.000000000e+00
3.802667425e+02 7.742365134e+00 0.000000000e+00 0.000000000e+00 0.000000000e+00 7.742365134e+00 0.000000000e+00
4.031288779e+02 6.703426429e+00 0.000000000e+00 0.000000000e+00 0.000000000e+00 6.703426429e+00 0.000000000e+00
4.273655148e+02 5.823044082e+00 0.000000000e+00 0.000000000e+00 0.000000000e+00 5.823044082e+00 0.000000000e+00
4.530592901e+02 5.063679954e+00 0.000000000e+00 0.000000000e+00 0.000000000e+00 5.063679954e+00 0.000000000e+00
4.802978090e+02 4.475834051e+00 0.000000000e+00 0.000000000e+00 0.000000000e+00 4.475834051e+00 0.000000000e+00
5.091739433e+02 3.773338526e+00 0.000000000e+00 0.000000000e+00 0.000000000e+00 3.773338526e+00 0.000000000e+00
5.397861487e+02 3.196321186e+00 0.000000000e+00 0.000000000e+00 0.000000000e+00 3.196321186e+00 0.000000000e+00
5.722388000e+02 2.829921569e+00 0.000000000e+00 0.000000000e+00 0.000000000e+00 2.829921569e+00 0.000000000e+00
6.066425473e+02 2.393178087e+00 0.000000000e+00 0.000000000e+00 0.000000000e+00 2.393178087e+00 0.000000000e+00
6.431146930e+02 2.027838656e+00 0.000000000e+00 0.000000000e+00 0.000000000e+00 2.027838656e+00 0.000000000e+00
6.817795920e+02 1.690971909e+00 0.000000000e+00 0.000000000e+00 0.000000000e+00 1.690971909e+00 0.000000000e+00
7.227690754e+02 1.446463927e+00 0.000000000e+00 0.000000000e+00 0.000000000e+00 1.446463927e+00 0.000000000e+00
7.662229003e+02 1.209052183e+00 0.000000000e+00 0.000000000e+00 0.000000000e+00 1.209052183e+00 0.000000000e+00
8.122892262e+02 1.003303173e+00 0.000000000e+00 0.000000000e+00 0.000000000e+00 1.003303173e+00 0.000000000e+00
8.611251200e+02 8.484729915e-01 0.000000000e+00 0.000000000e+00 0.000000000e+00 8.484729915e-01 0.000000000e+00
9.128970918e+02 7.073690093e-01 0.000000000e+00 0.000000000e+00 0.000000000e+00 7.073690093e-01 0.000000000e+00
9.677816625e+02 5.784011693e-01 0.000000000e+00 0.000000000e+00 0.000000000e+00 5.784011693e-01 0.000000000e+00
1.025965966e+03 5.099305048e-01 0.000000000e+00 0.000000000e+00 0.000000000e+00 5.099305048e-01 0.000000000e+00
1.087648385e+03 4.657143502e-01 0.000000000e+00 0.000000000e+00 0.000000000e+00 4.657143502e-01 0.000000000e+00
1.153039233e+03 4.182695362e-01 0.000000000e+00 0.000000000e+00 0.000000000e+00 4.182695362e-01 0.000000000e+00
1.222361464e+03 3.954341839e-01 0.000000000e+00 0.000000000e+00 0.000000000e+00 3.954341839e-01 0.000000000e+00
1.295851439e+03 3.682500273e-01 0.000000000e+00 0.000000000e+00 0.000000000e+00 3.682500273e-01 0.000000000e+00
1.373759727e+03 3.255201270e-01 0.000000000e+00 0.000000000e+00 0.000000000e+00 3.255201270e-01 0.000000000e+00
1.456351964e+03 3.079263474e-01 0.000000000e+00 0.000000000e+00 0.000000000e+00 3.079263474e-01 0.000000000e+00
1.543909754e+03 2.817256466e-01 0.000000000e+00 0.000000000e+00 0.000000000e+00 2.817256466e-01 0.000000000e+00
1.636731634e+03 2.572411903e-01 0.000000000e+00 0.000000000e+00 0.000000000e+00 2.572411903e-01 0.000000000e+00
1.735134087e+03 2.231039047e-01 0.000000000e+00 0.000000000e+00 0.000000000e+00 2.231039047e-01 0.000000000e+00
1.839452624e+03 2.118405615e-01 0.000000000e+00 0.000000000e+00 0.000000000e+00 2.118405615e-01 0.000000000e+00
1.950042929e+03 1.874319636e-01 0.000000000e+00 0.000000000e+00 0.000000000e+00 1.874319636e-01 0.000000000e+00
2.067282068e+03 1.674199879e-01 0.000000000e+00 0.000000000e+00 0.000000000e+00 1.674199879e-01 0.000000000e+00
2.191569778e+03 1.547393311e-01 0.000000000e+00 0.000000000e+00 0.000000000e+00 1.547393311e-01 0.000000000e+00
2.323329827e+03 1.408141821e-01 0.000000000e+00 0.000000000e+00 0.000000000e+00 1.408141821e-01 0.000000000e+00
2.463011464e+03 1.271020359e-01 0.000000000e+00 0.000000000e+00 0.000000000e+00 1.271020359e-01 0.000000000e+00
2.611090944e+03 1.141923185e-01 0.000000000e+00 0.000000000e+00 0.000000000e+00 1.141923185e-01 0.000000000e+00
2.768073157e+03 1.000983866e-01 0.000000000e+00 0.000000000e+00 0.000000000e+00 1.000983866e-01 0.000000000e+00
2.934493346e+03 9.387505442e-02 0.000000000e+00 0.000000000e+00 0.000000000e+00 9.387505442e-02 0.000000000e+00
3.110918936e+03 8.157724204e-02 0.000000000e+00 0.000000000e+00 0.000000000e+00 8.157724204e-02 0.000000000e+00
3.297951463e+03 7.686142624e-02 0.000000000e+00 0.000000000e+00 0.000000000e+00 7.686142624e-02 0.000000000e+00
3.496228631e+03 6.705321862e-02 0.000000000e+00 0.000000000e+00 0.000000000e+00 6.705321862e-02 0.000000000e+00
3.706426483e+03 6.103425084e-02 0.000000000e+00 0.000000000e+00 0.000000000e+00 6.103425084e-02 0.000000000e+00
3.929261705e+03 5.402271342e-02 0.000000000e+00 0.000000000e+00 0.000000000e+00 5.402271342e-02 0.000000000e+00
4.165494073e+03 4.841337520e-02 0.000000000e+00 0.000000000e+00 0.000000000e+00 4.841337520e-02 0.000000000e+00
4.415929040e+03 4.379008308e-02 0.000000000e+00 0.000000000e+00 0.000000000e+00 4.379008308e-02 0.000000000e+00
4.681420487e+03 3.877694337e-02 0.000000000e+00 0.000000000e+00 0.000000000e+00 3.877694337e-02 0.000000000e+00
4.962873628e+03 3.582970527e-02 0.000000000e+00 0.000000000e+00 0.000000000e+00 3.582970527e-02 0.000000000e+00
5.261248100e+03 3.120536899e-02 0.000000000e+00 0.000000000e+00 0.000000000e+00 3.120536899e-02 0.000000000e+00
5.577561237e+03 2.873188042e-02 0.000000000e+00 0.000000000e+00 0.000000000e+00 2.873188042e-02 0.000000000e+00
5.912891535e+03 2.500354128e-02 0.000000000e+00 0.000000000e+00 0.000000000e+00 2.500354128e-02 0.000000000e+00
6.268382331e+03 2.299321458e-02 0.000000000e+00 0.000000000e+00 0.000000000e+00 2.299321458e-02 0.000000000e+00
6.645245699e+03 2.063492043e-02 0.000000000e+00 0.000000000e+00 0.000000000e+00 2.063492043e-02 0.000000000e+00
7.044766588e+03 1.816182370e-02 0.000000000e+00 0.000000000e+00 0.000000000e+00 1.816182370e-02 0.000000000e+00
7.468307196e+03 1.686069901e-02 0.000000000e+00 0.000000000e+00 0.000000000e+00 1.686069901e-02 0.000000000e+00
7.917311621e+03 1.444002462e-02 0.000000000e+00 0.000000000e+00 0.000000000e+00 1.444002462e-02 0.000000000e+00
8.393310782e+03 1.307510660e-02 0.000000000e+00 0.000000000e+00 0.000000000e+00 1.307510660e-02 0.000000000e+00
8.897927636e+03 1.173951299e-02 0.000000000e+00 0.000000000e+00 0.000000000e+00 1.173951299e-02 0.000000000e+00
9.432882717e+03 1.027531694e-02 0.000000000e+00 0.000000000e+00 0.000000000e+00 1.027531694e-02 0.000000000e+00
1.000000000e+04 8.240730149e-03 0.000000000e+00 0.000000000e+00 0.000000000e+00 8.240730149e-03 0.000000000e+00
