# column 1: wavelength (micron)
# column 2: total flux; F_nu (Jy)
# column 3: transparent flux; F_nu (Jy)
# column 4: direct primary flux; F_nu (Jy)
# column 5: scattered primary flux; F_nu (Jy)
# column 6: direct secondary flux; F_nu (Jy)
# column 7: scattered secondary flux; F_nu (Jy)
9.000000000e-02 1.181446365e-04 3.379755696e-04 1.013655357e-04 1.677910081e-05 0.000000000e+00 0.000000000e+00
9.541091806e-02 6.637343326e-04 1.755463121e-03 5.632828384e-04 1.004514942e-04 0.000000000e+00 0.000000000e+00
1.011471476e-01 9.034310223e-04 2.090729764e-03 7.576312182e-04 1.457998041e-04 0.000000000e+00 0.000000000e+00
1.072282468e-01 1.171615241e-03 2.373405168e-03 9.698524139e-04 2.017628273e-04 0.000000000e+00 0.000000000e+00
1.136749497e-01 1.291571615e-03 2.376864023e-03 1.064327677e-03 2.272439377e-04 0.000000000e+00 0.000000000e+00
1.205092367e-01 1.157836187e-03 1.997121927e-03 9.486409037e-04 2.091952834e-04 0.000000000e+00 0.000000000e+00
1.277544101e-01 1.396965030e-03 2.300023393e-03 1.142931251e-03 2.540337796e-04 0.000000000e+00 0.000000000e+00
1.354351729e-01 1.464278637e-03 2.334768824e-03 1.199544656e-03 2.647339803e-04 0.000000000e+00 0.000000000e+00
1.435777131e-01 1.455122513e-03 2.240581526e-03 1.192952396e-03 2.621701169e-04 0.000000000e+00 0.000000000e+00
1.522097936e-01 1.457804552e-03 2.167904642e-03 1.197621471e-03 2.601830812e-04 0.000000000e+00 0.000000000e+00
1.613608460e-01 1.441329514e-03 2.095391978e-03 1.182278566e-03 2.590509480e-04 0.000000000e+00 0.000000000e+00
1.710620718e-01 1.438349898e-03 2.077732045e-03 1.170607331e-03 2.677425677e-04 0.000000000e+00 0.000000000e+00
1.813465479e-01 1.386460317e-03 2.023592901e-03 1.111423468e-03 2.750368495e-04 0.000000000e+00 0.000000000e+00
1.922493402e-01 1.298460391e-03 1.958985917e-03 1.020464885e-03 2.779955062e-04 0.000000000e+00 0.000000000e+00
2.038076228e-01 1.196540085e-03 1.893218361e-03 9.267017433e-04 2.698383419e-04 0.000000000e+00 0.000000000e+00
2.160608044e-01 1.176543592e-03 1.867007375e-03 8.946451488e-04 2.818984432e-04 0.000000000e+00 0.000000000e+00
2.290506634e-01 1.213679370e-03 1.786398736e-03 9.012707220e-04 3.124086477e-04 0.000000000e+00 0.000000000e+00
2.428214897e-01 1.240836835e-03 1.697511474e-03 9.023913017e-04 3.384455337e-04 0.000000000e+00 0.000000000e+00
2.574202362e-01 1.280645476e-03 1.673912208e-03 9.210763274e-04 3.595691484e-04 0.000000000e+00 0.000000000e+00
2.728966785e-01 1.293482620e-03 1.658143526e-03 9.283442115e-04 3.651384081e-04 0.000000000e+00 0.000000000e+00
2.893035848e-01 1.326376963e-03 1.677576990e-03 9.521607860e-04 3.742161771e-04 0.000000000e+00 0.000000000e+00
3.066968958e-01 1.356974909e-03 1.691731408e-03 9.752697964e-04 3.817051128e-04 0.000000000e+00 0.000000000e+00
3.251359155e-01 1.362003196e-03 1.679576290e-03 9.746660738e-04 3.873371225e-04 0.000000000e+00 0.000000000e+00
3.446835132e-01 1.384909815e-03 1.702757501e-03 9.881166938e-04 3.967931212e-04 0.000000000e+00 0.000000000e+00
3.654063382e-01 1.451059802e-03 1.776899257e-03 1.039427781e-03 4.116320220e-04 0.000000000e+00 0.000000000e+00
3.873750465e-01 2.255840052e-03 2.744434501e-03 1.621063881e-03 6.347761708e-04 0.000000000e+00 0.000000000e+00
4.106645425e-01 2.736320278e-03 3.302387920e-03 1.977447468e-03 7.588728104e-04 0.000000000e+00 0.000000000e+00
4.353542335e-01 2.696120020e-03 3.223895965e-03 1.951480049e-03 7.446399710e-04 0.000000000e+00 0.000000000e+00
4.615283011e-01 2.804073608e-03 3.339699283e-03 2.031534415e-03 7.725391927e-04 0.000000000e+00 0.000000000e+00
4.892759879e-01 2.675006799e-03 3.182107512e-03 1.952944164e-03 7.220626356e-04 0.000000000e+00 0.000000000e+00
5.186919022e-01 2.732532159e-03 3.221597421e-03 2.014508431e-03 7.180237281e-04 0.000000000e+00 0.000000000e+00
5.498763397e-01 2.741977719e-03 3.217393103e-03 2.045518396e-03 6.964593223e-04 0.000000000e+00 0.000000000e+00
5.829356266e-01 2.794809320e-03 3.253600702e-03 2.099188386e-03 6.956209348e-04 0.000000000e+00 0.000000000e+00
6.179824811e-01 2.839377486e-03 3.278579695e-03 2.142450684e-03 6.969268022e-04 0.000000000e+00 0.000000000e+00
6.551363985e-01 2.814993241e-03 3.237008521e-03 2.143096887e-03 6.718963537e-04 0.000000000e+00 0.000000000e+00
6.945240582e-01 2.894532031e-03 3.304444817e-03 2.232302846e-03 6.622291851e-04 0.000000000e+00 0.000000000e+00
7.362797556e-01 2.913611002e-03 3.313631186e-03 2.282880353e-03 6.307306488e-04 0.000000000e+00 0.000000000e+00
7.805458603e-01 2.897316091e-03 3.269566700e-03 2.302803909e-03 5.945121824e-04 0.000000000e+00 0.000000000e+00
8.274733014e-01 2.887877473e-03 3.241913654e-03 2.313124202e-03 5.747532709e-04 0.000000000e+00 0.000000000e+00
8.772220817e-01 2.939828141e-03 3.276361063e-03 2.378285051e-03 5.615430903e-04 0.000000000e+00 0.000000000e+00
9.299618239e-01 2.936866951e-03 3.259569569e-03 2.412075645e-03 5.247913058e-04 0.000000000e+00 0.000000000e+00
9.858723487e-01 2.902898049e-03 3.204593866e-03 2.424466937e-03 4.784311117e-04 0.000000000e+00 0.000000000e+00
1.045144288e+00 2.808728172e-03 3.083381505e-03 2.383368303e-03 4.253598689e-04 1.530329113e-294 2.120127503e-295
1.107979733e+00 2.686451966e-03 2.931108962e-03 2.302243170e-03 3.842087953e-04 3.023350050e-277 5.248958043e-278
1.174592928e+00 2.595348719e-03 2.821660940e-03 2.251215335e-03 3.441333838e-04 9.168149046e-261 1.947053409e-261
1.245210996e+00 2.518092926e-03 2.721217338e-03 2.212640772e-03 3.054521543e-04 9.155925406e-246 7.079409486e-247
1.320074714e+00 2.491046454e-03 2.683354593e-03 2.220750103e-03 2.702963508e-04 2.566063454e-232 2.321341911e-233
1.399439338e+00 2.466425261e-03 2.644795336e-03 2.226074103e-03 2.403511585e-04 8.926086849e-219 1.712299775e-219
1.483575466e+00 2.443526259e-03 2.608851987e-03 2.230372099e-03 2.131541598e-04 9.855624740e-206 1.364105936e-206
1.572769969e+00 2.492104427e-03 2.652970888e-03 2.296268679e-03 1.958357481e-04 1.509547565e-194 1.481333423e-195
1.667326963e+00 2.470395710e-03 2.619778167e-03 2.295864918e-03 1.745307915e-04 1.059018604e-182 7.066073225e-184
1.767568847e+00 2.363857018e-03 2.497858661e-03 2.217700780e-03 1.461562386e-04 1.759026056e-172 1.715184887e-173
1.873837405e+00 2.186085901e-03 2.299606569e-03 2.069478297e-03 1.166076041e-04 4.607520518e-163 3.348013410e-164
1.986494968e+00 2.067426804e-03 2.167144088e-03 1.970821949e-03 9.660485491e-05 1.635647264e-153 9.228614613e-155
2.105925651e+00 1.923097469e-03 2.008604581e-03 1.845276075e-03 7.782139451e-05 1.748572122e-144 9.089908070e-146
2.232536664e+00 1.735101567e-03 1.808233442e-03 1.674235500e-03 6.086606768e-05 5.395343447e-136 2.374834573e-137
2.366759696e+00 1.585053657e-03 1.645903793e-03 1.537423287e-03 4.763037022e-05 4.792089000e-128 1.830100814e-129
2.509052394e+00 1.364407511e-03 1.412870210e-03 1.329997913e-03 3.440959764e-05 4.723052782e-121 1.446647460e-122
2.659899915e+00 1.354974861e-03 1.399731058e-03 1.326242626e-03 2.873223517e-05 7.225643541e-114 1.910261285e-115
2.819816587e+00 1.318815201e-03 1.358755200e-03 1.295196274e-03 2.361892739e-05 3.339752643e-107 7.757628371e-109
2.989347660e+00 1.091253431e-03 1.121077765e-03 1.074830320e-03 1.642311118e-05 6.962798105e-101 1.159435148e-102
3.169071162e+00 9.943325093e-04 1.019326834e-03 9.819127095e-04 1.241979977e-05 3.618039428e-95 5.120225280e-97
3.359599877e+00 9.672941799e-04 9.897054307e-04 9.573741451e-04 9.920034858e-06 1.571788903e-89 1.776853532e-91
3.561583429e+00 9.176644316e-04 9.372026476e-04 9.099193451e-04 7.745086489e-06 2.906799900e-84 2.844611216e-86
3.775710497e+00 7.859893755e-04 8.010596435e-04 7.805985035e-04 5.390871997e-06 2.160043616e-79 1.622692617e-81
4.002711165e+00 7.118928994e-04 7.245282524e-04 7.079117590e-04 3.981140409e-06 1.176491439e-74 7.555666996e-77
4.243359411e+00 6.888530997e-04 6.998982645e-04 6.857607364e-04 3.092363280e-06 3.253553453e-70 1.688146569e-72
4.498475745e+00 5.780912343e-04 5.865498055e-04 5.760070745e-04 2.084159825e-06 3.429713338e-66 1.402517985e-68
4.768930007e+00 5.082352351e-04 5.150290617e-04 5.067741910e-04 1.461044050e-06 3.079100718e-62 1.016542281e-64
5.055644335e+00 4.585063860e-04 4.641392353e-04 4.574435919e-04 1.062794030e-06 1.589581859e-58 4.183979200e-61
5.359596304e+00 4.216696469e-04 4.264321333e-04 4.208978872e-04 7.717597795e-07 4.529735464e-55 9.257361215e-58
5.681822265e+00 3.986534915e-04 4.028182214e-04 3.980801709e-04 5.733205517e-07 8.740600060e-52 1.393921065e-54
6.023420872e+00 3.614361054e-04 3.649871574e-04 3.610284596e-04 4.076457979e-07 1.098700034e-48 1.391169984e-51
6.385556837e+00 3.222447766e-04 3.252040354e-04 3.219628850e-04 2.818915734e-07 9.752300689e-46 9.537053493e-49
6.769464890e+00 2.883615283e-04 2.908418759e-04 2.881649720e-04 1.965563095e-07 5.416312243e-43 4.099922273e-46
7.176453999e+00 2.643045432e-04 2.664883467e-04 2.641670065e-04 1.375367113e-07 2.136369045e-40 1.226467756e-43
7.607911827e+00 2.339056189e-04 2.361382224e-04 2.338141474e-04 9.147143229e-08 6.312549997e-38 2.761816237e-41
8.065309466e+00 2.110944433e-04 2.142924754e-04 2.110304013e-04 6.404204112e-08 1.366656471e-35 4.777887910e-39
8.550206451e+00 1.885488956e-04 1.933818854e-04 1.885016737e-04 4.722185346e-08 2.310474322e-33 7.000018497e-37
9.064256079e+00 1.726038524e-04 1.788398940e-04 1.725640747e-04 3.977766257e-08 3.042375258e-31 9.086700903e-35
9.609211044e+00 1.581133589e-04 1.647801815e-04 1.580765876e-04 3.677125473e-08 3.062263266e-29 8.666516070e-33
1.018692942e+01 1.433576337e-04 1.487399607e-04 1.433289694e-04 2.866430247e-08 2.237929106e-27 5.286556505e-31
1.079938098e+01 1.240156368e-04 1.277593692e-04 1.239957942e-04 1.984252448e-08 1.225544886e-25 2.321150940e-29
1.144865393e+01 1.088160250e-04 1.113539736e-04 1.088031219e-04 1.290314125e-08 5.191458252e-24 7.136303780e-28
1.213696202e+01 9.425595358e-05 9.596594270e-05 9.424839646e-05 7.557115298e-09 1.770441518e-22 1.578166031e-26
1.286665210e+01 8.277612137e-05 8.393725317e-05 8.277224039e-05 3.880979711e-09 4.911393739e-21 2.072425581e-25
1.364021210e+01 7.220490860e-05 7.301302431e-05 7.220345254e-05 1.456062205e-09 1.168474523e-19 1.146368357e-24
1.446027954e+01 6.288423070e-05 6.353907755e-05 6.288401989e-05 2.108039687e-10 2.439695402e-18 1.196472536e-24
1.532965052e+01 5.491984338e-05 5.555608787e-05 5.491983920e-05 4.176856482e-12 4.629522496e-17 2.511617687e-25
1.625128922e+01 4.787664867e-05 4.851682124e-05 4.787664867e-05 0.000000000e+00 8.128945363e-16 0.000000000e+00
1.722833804e+01 4.138616679e-05 4.200040323e-05 4.138616678e-05 0.000000000e+00 1.128899526e-14 0.000000000e+00
1.826412832e+01 3.577673576e-05 3.632908945e-05 3.577673563e-05 0.000000000e+00 1.338868013e-13 0.000000000e+00
1.936219168e+01 3.107835700e-05 3.153951128e-05 3.107835571e-05 0.000000000e+00 1.290452386e-12 0.000000000e+00
2.052627204e+01 2.740552928e-05 2.776887322e-05 2.740551868e-05 0.000000000e+00 1.060390173e-11 0.000000000e+00
2.176033844e+01 2.437681886e-05 2.466332309e-05 2.437674270e-05 0.000000000e+00 7.615641304e-11 0.000000000e+00
2.306859853e+01 2.176452966e-05 2.199461274e-05 2.176405574e-05 0.000000000e+00 4.739217729e-10 0.000000000e+00
2.445551294e+01 1.971840467e-05 1.990336681e-05 1.971569087e-05 0.000000000e+00 2.713801973e-09 0.000000000e+00
2.592581045e+01 1.724973116e-05 1.738503688e-05 1.723601164e-05 0.000000000e+00 1.371951865e-08 0.000000000e+00
2.748450419e+01 1.558708232e-05 1.564693145e-05 1.552446613e-05 0.000000000e+00 6.261618862e-08 0.000000000e+00
2.913690863e+01 1.415149728e-05 1.399196479e-05 1.389229471e-05 0.000000000e+00 2.592025636e-07 0.000000000e+00
3.088865780e+01 1.329153849e-05 1.239383943e-05 1.231330038e-05 0.000000000e+00 9.782381053e-07 0.000000000e+00
3.274572442e+01 1.428327440e-05 1.091951642e-05 1.085435763e-05 0.000000000e+00 3.428916772e-06 0.000000000e+00
3.471444033e+01 2.053997310e-05 9.884750646e-06 9.830848159e-06 0.000000000e+00 1.070912494e-05 0.000000000e+00
3.680151802e+01 4.049658880e-05 8.802922881e-06 8.759184127e-06 0.000000000e+00 3.173740467e-05 0.000000000e+00
3.901407356e+01 9.262079596e-05 7.878874473e-06 7.843397233e-06 0.000000000e+00 8.477739873e-05 0.000000000e+00
4.135965084e+01 2.241226421e-04 7.030245177e-06 7.001742060e-06 0.000000000e+00 2.171209001e-04 0.000000000e+00
4.384624730e+01 5.034517597e-04 6.184024210e-06 6.161281227e-06 0.000000000e+00 4.972904784e-04 0.000000000e+00
4.648234121e+01 1.091969466e-03 5.487356107e-06 5.469181196e-06 0.000000000e+00 1.086500284e-03 0.000000000e+00
4.927692053e+01 2.276716125e-03 4.955260290e-06 4.940463080e-06 0.000000000e+00 2.271775662e-03 0.000000000e+00
5.223951363e+01 4.382253856e-03 4.349163805e-06 4.337742244e-06 0.000000000e+00 4.377916114e-03 0.000000000e+00
5.538022172e+01 7.970430557e-03 3.895040930e-06 3.885862087e-06 0.000000000e+00 7.966544695e-03 0.000000000e+00
5.870975330e+01 1.414811945e-02 3.468078151e-06 3.460827183e-06 0.000000000e+00 1.414465863e-02 0.000000000e+00
6.223946068e+01 2.355540706e-02 3.105945922e-06 3.100192353e-06 0.000000000e+00 2.355230687e-02 0.000000000e+00
6.598137870e+01 3.795016598e-02 2.758123115e-06 2.753603637e-06 0.000000000e+00 3.794741237e-02 0.000000000e+00
6.994826574e+01 5.777019076e-02 2.403364838e-06 2.399870579e-06 0.000000000e+00 5.776779089e-02 0.000000000e+00
7.415364723e+01 8.543190429e-02 2.170920341e-06 2.168163916e-06 0.000000000e+00 8.542973613e-02 0.000000000e+00
7.861186177e+01 1.226623841e-01 1.952134234e-06 1.949932730e-06 0.000000000e+00 1.226604341e-01 0.000000000e+00
8.333811002e+01 1.689259101e-01 1.704756726e-06 1.703056056e-06 0.000000000e+00 1.689242071e-01 0.000000000e+00
8.834850651e+01 2.251037296e-01 1.535477874e-06 1.534128275e-06 0.000000000e+00 2.251021955e-01 0.000000000e+00
9.366013462e+01 2.921802118e-01 1.366171195e-06 1.365113826e-06 0.000000000e+00 2.921788467e-01 0.000000000e+00
9.929110477e+01 3.695181905e-01 7.873061559e-07 7.867577425e-07 0.000000000e+00 3.695174037e-01 0.000000000e+00
1.052606162e+02 4.540978110e-01 0.000000000e+00 0.000000000e+00 0.000000000e+00 4.540978110e-01 0.000000000e+00
1.115890226e+02 5.459758747e-01 0.000000000e+00 0.000000000e+00 0.000000000e+00 5.459758747e-01 0.000000000e+00
1.182979010e+02 6.374101057e-01 0.000000000e+00 0.000000000e+00 0.000000000e+00 6.374101057e-01 0.000000000e+00
1.254101260e+02 7.342766291e-01 0.000000000e+00 0.000000000e+00 0.000000000e+00 7.342766291e-01 0.000000000e+00
1.329499472e+02 8.328735842e-01 0.000000000e+00 0.000000000e+00 0.000000000e+00 8.328735842e-01 0.000000000e+00
1.409430725e+02 9.212135880e-01 0.000000000e+00 0.000000000e+00 0.000000000e+00 9.212135880e-01 0.000000000e+00
1.494167549e+02 9.907047881e-01 0.000000000e+00 0.000000000e+00 0.000000000e+00 9.907047881e-01 0.000000000e+00
1.583998862e+02 1.044592972e+00 0.000000000e+00 0.000000000e+00 0.000000000e+00 1.044592972e+00 0.000000000e+00
1.679230951e+02 1.086387845e+00 0.000000000e+00 0.000000000e+00 0.000000000e+00 1.086387845e+00 0.000000000e+00
1.780188519e+02 1.112936540e+00 0.000000000e+00 0.000000000e+00 0.000000000e+00 1.112936540e+00 0.000000000e+00
1.887215788e+02 1.119389481e+00 0.000000000e+00 0.000000000e+00 0.000000000e+00 1.119389481e+00 0.000000000e+00
2.000677676e+02 1.118039847e+00 0.000000000e+00 0.000000000e+00 0.000000000e+00 1.118039847e+00 0.000000000e+00
2.120961043e+02 1.096067683e+00 0.000000000e+00 0.000000000e+00 0.000000000e+00 1.096067683e+00 0.000000000e+00
2.248476003e+02 1.062403530e+00 0.000000000e+00 0.000000000e+00 0.000000000e+00 1.062403530e+00 0.000000000e+00
2.383657330e+02 1.008346566e+00 0.000000000e+00 0.000000000e+00 0.000000000e+00 1.008346566e+00 0.000000000e+00
2.526965935e+02 9.612335812e-01 0.000000000e+00 0.000000000e+00 0.000000000e+00 9.612335812e-01 0.000000000e+00
2.678890442e+02 8.979179402e-01 0.000000000e+00 0.000000000e+00 0.000000000e+00 8.979179402e-01 0.000000000e+00
2.839948849e+02 8.381663040e-01 0.000000000e+00 0.000000000e+00 0.000000000e+00 8.381663040e-01 0.000000000e+00
3.010690299e+02 7.626582409e-01 0.000000000e+00 0.000000000e+00 0.000000000e+00 7.626582409e-01 0.000000000e+00
3.191696949e+02 6.970360171e-01 0.000000000e+00 0.000000000e+00 0.000000000e+00 6.970360171e-01 0.000000000e+00
3.383585957e+02 6.238630473e-01 0.000000000e+00 0.000000000e+00 0.000000000e+00 6.238630473e-01 0.000000000e+00
3.587011583e+02 5.598243903e-01 0.000000000e+00 0.000000000e+00 0.000000000e+00 5.598243903e-01 0.000000000e+00
3.802667425e+02 4.955863552e-01 0.000000000e+00 0.000000000e+00 0.000000000e+00 4.955863552e-01 0.000000000e+00
4.031288779e+02 4.358182711e-01 0.000000000e+00 0.000000000e+00 0.000000000e+00 4.358182711e-01 0.000000000e+00
4.273655148e+02 3.828975929e-01 0.000000000e+00 0.000000000e+00 0.000000000e+00 3.828975929e-01 0.000000000e+00
4.530592901e+02 3.325299907e-01 0.000000000e+00 0.000000000e+00 0.000000000e+00 3.325299907e-01 0.000000000e+00
4.802978090e+02 2.851803269e-01 0.000000000e+00 0.000000000e+00 0.000000000e+00 2.851803269e-01 0.000000000e+00
5.091739433e+02 2.467498566e-01 0.000000000e+00 0.000000000e+00 0.000000000e+00 2.467498566e-01 0.000000000e+00
5.397861487e+02 2.096581224e-01 0.000000000e+00 0.000000000e+00 0.000000000e+00 2.096581224e-01 0.000000000e+00
5.722388000e+02 1.793735768e-01 0.000000000e+00 0.000000000e+00 0.000000000e+00 1.793735768e-01 0.000000000e+00
6.066425473e+02 1.517739431e-01 0.000000000e+00 0.000000000e+00 0.000000000e+00 1.517739431e-01 0.000000000e+00
6.431146930e+02 1.276040353e-01 0.000000000e+00 0.000000000e+00 0.000000000e+00 1.276040353e-01 0.000000000e+00
6.817795920e+02 1.071864990e-01 0.000000000e+00 0.000000000e+00 0.000000000e+00 1.071864990e-01 0.000000000e+00
7.227690754e+02 9.092681190e-02 0.000000000e+00 0.000000000e+00 0.000000000e+00 9.092681190e-02 0.000000000e+00
7.662229003e+02 7.527326590e-02 0.000000000e+00 0.000000000e+00 0.000000000e+00 7.527326590e-02 0.000000000e+00
8.122892262e+02 6.366118895e-02 0.000000000e+00 0.000000000e+00 0.000000000e+00 6.366118895e-02 0.000000000e+00
8.611251200e+02 5.216634180e-02 0.000000000e+00 0.000000000e+00 0.000000000e+00 5.216634180e-02 0.000000000e+00
9.128970918e+02 4.346818972e-02 0.000000000e+00 0.000000000e+00 0.000000000e+00 4.346818972e-02 0.000000000e+00
9.677816625e+02 3.578279386e-02 0.000000000e+00 0.000000000e+00 0.000000000e+00 3.578279386e-02 0.000000000e+00
1.025965966e+03 3.084561705e-02 0.000000000e+00 0.000000000e+00 0.000000000e+00 3.084561705e-02 0.000000000e+00
1.087648385e+03 2.870950794e-02 0.000000000e+00 0.000000000e+00 0.000000000e+00 2.870950794e-02 0.000000000e+00
1.153039233e+03 2.603170485e-02 0.000000000e+00 0.000000000e+00 0.000000000e+00 2.603170485e-02 0.000000000e+00
1.222361464e+03 2.403907849e-02 0.000000000e+00 0.000000000e+00 0.000000000e+00 2.403907849e-02 0.000000000e+00
1.295851439e+03 2.190301409e-02 0.000000000e+00 0.000000000e+00 0.000000000e+00 2.190301409e-02 0.000000000e+00
1.373759727e+03 2.006241658e-02 0.000000000e+00 0.000000000e+00 0.000000000e+00 2.006241658e-02 0.000000000e+00
1.456351964e+03 1.815358119e-02 0.000000000e+00 0.000000000e+00 0.000000000e+00 1.815358119e-02 0.000000000e+00
1.543909754e+03 1.655963943e-02 0.000000000e+00 0.000000000e+00 0.000000000e+00 1.655963943e-02 0.000000000e+00
1.636731634e+03 1.512231621e-02 0.000000000e+00 0.000000000e+00 0.000000000e+00 1.512231621e-02 0.000000000e+00
1.735134087e+03 1.370143654e-02 0.000000000e+00 0.000000000e+00 0.000000000e+00 1.370143654e-02 0.000000000e+00
1.839452624e+03 1.246820523e-02 0.000000000e+00 0.000000000e+00 0.000000000e+00 1.246820523e-02 0.000000000e+00
1.950042929e+03 1.132948226e-02 0.000000000e+00 0.000000000e+00 0.000000000e+00 1.132948226e-02 0.000000000e+00
2.067282068e+03 1.016787007e-02 0.000000000e+00 0.000000000e+00 0.000000000e+00 1.016787007e-02 0.000000000e+00
2.191569778e+03 9.235921119e-03 0.000000000e+00 0.000000000e+00 0.000000000e+00 9.235921119e-03 0.000000000e+00
2.323329827e+03 8.289501267e-03 0.000000000e+00 0.000000000e+00 0.000000000e+00 8.289501267e-03 0.000000000e+00
2.463011464e+03 7.517055978e-03 0.000000000e+00 0.000000000e+00 0.000000000e+00 7.517055978e-03 0.000000000e+00
2.611090944e+03 6.814086399e-03 0.000000000e+00 0.000000000e+00 0.000000000e+00 6.814086399e-03 0.000000000e+00
2.768073157e+03 6.006593076e-03 0.000000000e+00 0.000000000e+00 0.000000000e+00 6.006593076e-03 0.000000000e+00
2.934493346e+03 5.486999144e-03 0.000000000e+00 0.000000000e+00 0.000000000e+00 5.486999144e-03 0.000000000e+00
3.110918936e+03 4.922047223e-03 0.000000000e+00 0.000000000e+00 0.000000000e+00 4.922047223e-03 0.000000000e+00
3.297951463e+03 4.435732520e-03 0.000000000e+00 0.000000000e+00 0.000000000e+00 4.435732520e-03 0.000000000e+00
3.496228631e+03 3.981320606e-03 0.000000000e+00 0.000000000e+00 0.000000000e+00 3.981320606e-03 0.000000000e+00
3.706426483e+03 3.585899752e-03 0.000000000e+00 0.000000000e+00 0.000000000e+00 3.585899752e-03 0.000000000e+00
3.929261705e+03 3.207252226e-03 0.000000000e+00 0.000000000e+00 0.000000000e+00 3.207252226e-03 0.000000000e+00
4.165494073e+03 2.869809672e-03 0.000000000e+00 0.000000000e+00 0.000000000e+00 2.869809672e-03 0.000000000e+00
4.415929040e+03 2.555777392e-03 0.000000000e+00 0.000000000e+00 0.000000000e+00 2.555777392e-03 0.000000000e+00
4.681420487e+03 2.295129843e-03 0.000000000e+00 0.000000000e+00 0.000000000e+00 2.295129843e-03 0.000000000e+00
4.962873628e+03 2.042998027e-03 0.000000000e+00 0.000000000e+00 0.000000000e+00 2.042998027e-03 0.000000000e+00
5.261248100e+03 1.859432579e-03 0.000000000e+00 0.000000000e+00 0.000000000e+00 1.859432579e-03 0.000000000e+00
5.577561237e+03 1.678402618e-03 0.000000000e+00 0.000000000e+00 0.000000000e+00 1.678402618e-03 0.000000000e+00
5.912891535e+03 1.490651905e-03 0.000000000e+00 0.000000000e+00 0.000000000e+00 1.490651905e-03 0.000000000e+00
6.268382331e+03 1.313348726e-03 0.000000000e+00 0.000000000e+00 0.000000000e+00 1.313348726e-03 0.000000000e+00
6.645245699e+03 1.191538761e-03 0.000000000e+00 0.000000000e+00 0.000000000e+00 1.191538761e-03 0.000000000e+00
7.044766588e+03 1.060857241e-03 0.000000000e+00 0.000000000e+00 0.000000000e+00 1.060857241e-03 0.000000000e+00
7.468307196e+03 9.465113632e-04 0.000000000e+00 0.000000000e+00 0.000000000e+00 9.465113632e-04 0.000000000e+00
7.917311621e+03 8.440627221e-04 0.000000000e+00 0.000000000e+00 0.000000000e+00 8.440627221e-04 0.000000000e+00
8.393310782e+03 7.492728385e-04 0.000000000e+00 0.000000000e+00 0.000000000e+00 7.492728385e-04 0.000000000e+00
8.897927636e+03 6.837903221e-04 0.000000000e+00 0.000000000e+00 0.000000000e+00 6.837903221e-04 0.000000000e+00
9.432882717e+03 6.094739367e-04 0.000000000e+00 0.000000000e+00 0.000000000e+00 6.094739367e-04 0.000000000e+00
1.000000000e+04 4.846407419e-04 0.000000000e+00 0.000000000e+00 0.000000000e+00 4.846407419e-04 0.000000000e+00
