# column 1: wavelength (micron)
# column 2: total flux; F_nu (Jy)
# column 3: transparent flux; F_nu (Jy)
# column 4: direct primary flux; F_nu (Jy)
# column 5: scattered primary flux; F_nu (Jy)
# column 6: direct secondary flux; F_nu (Jy)
# column 7: scattered secondary flux; F_nu (Jy)
9.000000000e-02 2.114472939e-03 3.363581919e-03 1.924507710e-03 1.899652286e-04 0.000000000e+00 0.000000000e+00
9.541091806e-02 1.155687920e-02 1.758451807e-02 1.051747404e-02 1.039405160e-03 0.000000000e+00 0.000000000e+00
1.011471476e-01 1.467212898e-02 2.059538429e-02 1.339600212e-02 1.276126861e-03 0.000000000e+00 0.000000000e+00
1.072282468e-01 1.709874960e-02 2.221744484e-02 1.568537309e-02 1.413376510e-03 0.000000000e+00 0.000000000e+00
1.136749497e-01 1.756106059e-02 2.161206749e-02 1.624804917e-02 1.313011421e-03 0.000000000e+00 0.000000000e+00
1.205092367e-01 1.604735306e-02 1.911403227e-02 1.494108970e-02 1.106263356e-03 0.000000000e+00 0.000000000e+00
1.277544101e-01 1.738203152e-02 2.014643674e-02 1.628318770e-02 1.098843815e-03 0.000000000e+00 0.000000000e+00
1.354351729e-01 1.715181380e-02 1.952378581e-02 1.618258471e-02 9.692290906e-04 0.000000000e+00 0.000000000e+00
1.435777131e-01 1.616368309e-02 1.813460869e-02 1.534481561e-02 8.188674791e-04 0.000000000e+00 0.000000000e+00
1.522097936e-01 1.563697923e-02 1.733380348e-02 1.489910828e-02 7.378709473e-04 0.000000000e+00 0.000000000e+00
1.613608460e-01 1.493903464e-02 1.645135733e-02 1.425097967e-02 6.880549709e-04 0.000000000e+00 0.000000000e+00
1.710620718e-01 1.450486368e-02 1.601124628e-02 1.383278359e-02 6.720800834e-04 0.000000000e+00 0.000000000e+00
1.813465479e-01 1.369791044e-02 1.531324757e-02 1.304514157e-02 6.527688716e-04 0.000000000e+00 0.000000000e+00
1.922493402e-01 1.262075343e-02 1.450769291e-02 1.199001586e-02 6.307375700e-04 0.000000000e+00 0.000000000e+00
2.038076228e-01 1.134050991e-02 1.354623874e-02 1.074616802e-02 5.943418910e-04 0.000000000e+00 0.000000000e+00
2.160608044e-01 1.102135133e-02 1.329632368e-02 1.042058048e-02 6.007708490e-04 0.000000000e+00 0.000000000e+00
2.290506634e-01 1.069048126e-02 1.243622461e-02 1.011680210e-02 5.736791614e-04 0.000000000e+00 0.000000000e+00
2.428214897e-01 1.042297689e-02 1.163049683e-02 9.895886521e-03 5.270903742e-04 0.000000000e+00 0.000000000e+00
2.574202362e-01 1.003454198e-02 1.092164698e-02 9.575665921e-03 4.588760604e-04 0.000000000e+00 0.000000000e+00
2.728966785e-01 9.655890691e-03 1.037338653e-02 9.265731776e-03 3.901589150e-04 0.000000000e+00 0.000000000e+00
2.893035848e-01 9.203921521e-03 9.805338295e-03 8.879298872e-03 3.246226492e-04 0.000000000e+00 0.000000000e+00
3.066968958e-01 8.677821233e-03 9.182563638e-03 8.405980986e-03 2.718402477e-04 0.000000000e+00 0.000000000e+00
3.251359155e-01 8.106710814e-03 8.528834722e-03 7.878000357e-03 2.287104569e-04 0.000000000e+00 0.000000000e+00
3.446835132e-01 7.626154163e-03 7.985552377e-03 7.430985908e-03 1.951682552e-04 0.000000000e+00 0.000000000e+00
3.654063382e-01 7.352829678e-03 7.668932545e-03 7.185547644e-03 1.672820348e-04 0.000000000e+00 0.000000000e+00
3.873750465e-01 8.891904895e-03 9.230033640e-03 8.715512603e-03 1.763922922e-04 0.000000000e+00 0.000000000e+00
4.106645425e-01 9.356215871e-03 9.673455344e-03 9.193834015e-03 1.623818558e-04 0.000000000e+00 0.000000000e+00
4.353542335e-01 8.754828267e-03 9.023867534e-03 8.618878396e-03 1.359498711e-04 0.000000000e+00 0.000000000e+00
4.615283011e-01 8.465533246e-03 8.697133475e-03 8.348099391e-03 1.174338554e-04 0.000000000e+00 0.000000000e+00
4.892759879e-01 7.845261282e-03 8.039342892e-03 7.747124529e-03 9.813675305e-05 0.000000000e+00 0.000000000e+00
5.186919022e-01 7.461017832e-03 7.627308829e-03 7.378976282e-03 8.204154979e-05 0.000000000e+00 0.000000000e+00
5.498763397e-01 7.224479732e-03 7.370058881e-03 7.154887540e-03 6.959219106e-05 0.000000000e+00 0.000000000e+00
5.829356266e-01 6.953249832e-03 7.079744011e-03 6.894476408e-03 5.877342345e-05 0.000000000e+00 0.000000000e+00
6.179824811e-01 6.761859464e-03 6.874171270e-03 6.712021949e-03 4.983751501e-05 0.000000000e+00 0.000000000e+00
6.551363985e-01 6.431835336e-03 6.528303695e-03 6.390029160e-03 4.180617624e-05 0.000000000e+00 0.000000000e+00
6.945240582e-01 6.356762341e-03 6.443552844e-03 6.320725206e-03 3.603713420e-05 0.000000000e+00 0.000000000e+00
7.362797556e-01 6.071375714e-03 6.146214765e-03 6.041647031e-03 2.972868346e-05 0.000000000e+00 0.000000000e+00
7.805458603e-01 5.875544733e-03 5.940776059e-03 5.850764204e-03 2.478052919e-05 0.000000000e+00 0.000000000e+00
8.274733014e-01 5.596017453e-03 5.651881499e-03 5.575355160e-03 2.066229276e-05 0.000000000e+00 0.000000000e+00
8.772220817e-01 5.582938109e-03 5.633557057e-03 5.564847952e-03 1.809015685e-05 0.000000000e+00 0.000000000e+00
9.299618239e-01 5.451330216e-03 5.495712378e-03 5.436026755e-03 1.530346118e-05 0.000000000e+00 0.000000000e+00
9.858723487e-01 5.149529494e-03 5.187405376e-03 5.137251173e-03 1.227832131e-05 3.037131576e-123 1.051254579e-125
1.045144288e+00 4.924621718e-03 4.957145730e-03 4.914344434e-03 1.027728438e-05 4.936648365e-116 1.453122844e-118
1.107979733e+00 4.552671913e-03 4.580022987e-03 4.544497995e-03 8.173917803e-06 3.309982850e-109 8.399284439e-112
1.174592928e+00 4.319758554e-03 4.343287382e-03 4.313067530e-03 6.691023563e-06 7.602370388e-103 1.821277295e-105
1.245210996e+00 4.081670678e-03 4.101619772e-03 4.076163175e-03 5.507502833e-06 9.733564130e-97 1.951110041e-99
1.320074714e+00 3.911429963e-03 3.928702200e-03 3.907008710e-03 4.421252832e-06 4.876103677e-91 7.942178510e-94
1.399439338e+00 3.795024125e-03 3.810013476e-03 3.791368727e-03 3.655398044e-06 1.292551026e-85 1.877743377e-88
1.483575466e+00 3.612852745e-03 3.625851588e-03 3.609902229e-03 2.950515762e-06 1.214814223e-80 1.485275898e-83
1.572769969e+00 3.582445485e-03 3.594076049e-03 3.579957203e-03 2.488282407e-06 8.637126295e-76 9.593131986e-79
1.667326963e+00 3.489273333e-03 3.499363739e-03 3.487200131e-03 2.073201842e-06 2.548268822e-71 2.426075785e-74
1.767568847e+00 3.306107580e-03 3.314905560e-03 3.304452840e-03 1.654740064e-06 4.544303186e-67 3.661186983e-70
1.873837405e+00 3.025533828e-03 3.032877429e-03 3.024269395e-03 1.264432965e-06 4.768873212e-63 3.223404432e-66
1.986494968e+00 2.819476893e-03 2.825622631e-03 2.818484932e-03 9.919611900e-07 2.737750429e-59 1.567388910e-62
2.105925651e+00 2.577186283e-03 2.582324653e-03 2.576425879e-03 7.604035811e-07 9.750917110e-56 4.942928812e-59
2.232536664e+00 2.337189039e-03 2.341556381e-03 2.336601937e-03 5.871019486e-07 2.188213762e-52 9.376069733e-56
2.366759696e+00 2.124471979e-03 2.128082020e-03 2.124030624e-03 4.413554993e-07 3.201206062e-49 1.160674243e-52
2.509052394e+00 1.844131421e-03 1.847036324e-03 1.843808512e-03 3.229090534e-07 3.014730382e-46 9.237508950e-50
2.659899915e+00 1.787098241e-03 1.789660117e-03 1.786848429e-03 2.498117037e-07 1.981006237e-43 5.066195671e-47
2.819816587e+00 1.707347815e-03 1.709556968e-03 1.707153889e-03 1.939257142e-07 8.671839632e-41 1.883792603e-44
2.989347660e+00 1.446885546e-03 1.448637642e-03 1.446745597e-03 1.399492742e-07 2.649103038e-38 4.758914797e-42
3.169071162e+00 1.300108749e-03 1.301561655e-03 1.300008630e-03 1.001193930e-07 5.386129948e-36 8.077228847e-40
3.359599877e+00 1.250237974e-03 1.251496442e-03 1.250163250e-03 7.472338216e-08 9.174972027e-34 1.100170496e-37
3.561583429e+00 1.162226027e-03 1.163302684e-03 1.162178277e-03 4.775000291e-08 1.014991396e-31 6.139194670e-36
3.775710497e+00 9.957796315e-04 9.966453440e-04 9.957617226e-04 1.790894088e-08 9.513914804e-30 5.593686276e-35
4.002711165e+00 9.180695919e-04 9.188100214e-04 9.180618941e-04 7.697819330e-09 6.432023355e-28 1.887549271e-35
4.243359411e+00 8.720866710e-04 8.727256662e-04 8.720837411e-04 2.929952648e-09 3.398840040e-26 1.230685068e-57
4.498475745e+00 7.295687866e-04 7.300682874e-04 7.295686445e-04 1.421088578e-10 1.441354464e-24 5.869774005e-70
4.768930007e+00 6.556183842e-04 6.560223408e-04 6.556183842e-04 0.000000000e+00 4.774782364e-23 0.000000000e+00
5.055644335e+00 5.835036433e-04 5.838370645e-04 5.835036433e-04 0.000000000e+00 1.313546196e-21 0.000000000e+00
5.359596304e+00 5.441218397e-04 5.444089839e-04 5.441218397e-04 0.000000000e+00 2.862530625e-20 0.000000000e+00
5.681822265e+00 4.940019723e-04 4.942401718e-04 4.940019723e-04 0.000000000e+00 5.450637229e-19 0.000000000e+00
6.023420872e+00 4.543217743e-04 4.545273907e-04 4.543217743e-04 0.000000000e+00 8.746502294e-18 0.000000000e+00
6.385556837e+00 4.071870848e-04 4.073604223e-04 4.071870848e-04 0.000000000e+00 1.154676679e-16 0.000000000e+00
6.769464890e+00 3.567927163e-04 3.569372627e-04 3.567927163e-04 0.000000000e+00 1.314305847e-15 0.000000000e+00
7.176453999e+00 3.234879015e-04 3.236126430e-04 3.234879015e-04 0.000000000e+00 1.383044850e-14 0.000000000e+00
7.607911827e+00 2.931694558e-04 2.933011797e-04 2.931694557e-04 0.000000000e+00 1.220852894e-13 0.000000000e+00
8.065309466e+00 2.668960434e-04 2.670868559e-04 2.668960422e-04 0.000000000e+00 1.177492211e-12 0.000000000e+00
8.550206451e+00 2.382902199e-04 2.385725995e-04 2.382902093e-04 0.000000000e+00 1.051678189e-11 0.000000000e+00
9.064256079e+00 2.175855255e-04 2.179447574e-04 2.175854413e-04 0.000000000e+00 8.420824947e-11 0.000000000e+00
9.609211044e+00 2.009551960e-04 2.013421969e-04 2.009546470e-04 0.000000000e+00 5.490000988e-10 0.000000000e+00
1.018692942e+01 1.785555254e-04 1.788533842e-04 1.785528540e-04 0.000000000e+00 2.671350345e-09 0.000000000e+00
1.079938098e+01 1.556473889e-04 1.558502842e-04 1.556363200e-04 0.000000000e+00 1.106882563e-08 0.000000000e+00
1.144865393e+01 1.341596607e-04 1.342670846e-04 1.341220482e-04 0.000000000e+00 3.761252163e-08 0.000000000e+00
1.213696202e+01 1.171295926e-04 1.171073679e-04 1.170081249e-04 0.000000000e+00 1.214676291e-07 0.000000000e+00
1.286665210e+01 1.040124781e-04 1.037094308e-04 1.036406841e-04 0.000000000e+00 3.717939132e-07 0.000000000e+00
1.364021210e+01 9.078341683e-05 8.976076409e-05 8.971135676e-05 0.000000000e+00 1.072060066e-06 0.000000000e+00
1.446027954e+01 8.217014747e-05 7.900403194e-05 7.896332794e-05 0.000000000e+00 3.206819523e-06 0.000000000e+00
1.532965052e+01 7.868675843e-05 6.852880698e-05 6.849006751e-05 0.000000000e+00 1.019669092e-05 0.000000000e+00
1.625128922e+01 8.956849972e-05 6.019422772e-05 6.015492347e-05 0.000000000e+00 2.941357625e-05 0.000000000e+00
1.722833804e+01 1.365625864e-04 5.295147325e-05 5.291271569e-05 0.000000000e+00 8.364987068e-05 0.000000000e+00
1.826412832e+01 2.519949268e-04 4.617836374e-05 4.614269568e-05 0.000000000e+00 2.058522312e-04 0.000000000e+00
1.936219168e+01 4.957429742e-04 4.029983032e-05 4.027006304e-05 0.000000000e+00 4.554729112e-04 0.000000000e+00
2.052627204e+01 9.442012165e-04 3.531955705e-05 3.529578723e-05 0.000000000e+00 9.089054293e-04 0.000000000e+00
2.176033844e+01 1.821213360e-03 3.130273828e-05 3.128343681e-05 0.000000000e+00 1.789929923e-03 0.000000000e+00
2.306859853e+01 3.250679910e-03 2.834455365e-05 2.832875251e-05 0.000000000e+00 3.222351157e-03 0.000000000e+00
2.445551294e+01 5.665174366e-03 2.485267780e-05 2.484002725e-05 0.000000000e+00 5.640334339e-03 0.000000000e+00
2.592581045e+01 9.204351204e-03 2.246311005e-05 2.245257947e-05 0.000000000e+00 9.181898625e-03 0.000000000e+00
2.748450419e+01 1.488815950e-02 1.985667715e-05 1.984808497e-05 0.000000000e+00 1.486831141e-02 0.000000000e+00
2.913690863e+01 2.321931448e-02 1.765921360e-05 1.765215916e-05 0.000000000e+00 2.320166232e-02 0.000000000e+00
3.088865780e+01 3.507809327e-02 1.581350667e-05 1.580762932e-05 0.000000000e+00 3.506228564e-02 0.000000000e+00
3.274572442e+01 5.142260009e-02 1.418829157e-05 1.418342617e-05 0.000000000e+00 5.140841666e-02 0.000000000e+00
3.471444033e+01 7.518664887e-02 1.259145661e-05 1.258743282e-05 0.000000000e+00 7.517406144e-02 0.000000000e+00
3.680151802e+01 1.023805414e-01 1.118742220e-05 1.118415815e-05 0.000000000e+00 1.023693573e-01 0.000000000e+00
3.901407356e+01 1.398796681e-01 9.858509240e-06 9.855834943e-06 0.000000000e+00 1.398698123e-01 0.000000000e+00
4.135965084e+01 1.873752985e-01 8.879594249e-06 8.877384381e-06 0.000000000e+00 1.873664212e-01 0.000000000e+00
4.384624730e+01 2.433364188e-01 7.861177600e-06 7.859416228e-06 0.000000000e+00 2.433285594e-01 0.000000000e+00
4.648234121e+01 3.093892551e-01 7.031792420e-06 7.030368230e-06 0.000000000e+00 3.093822247e-01 0.000000000e+00
4.927692053e+01 3.850883609e-01 6.194768380e-06 6.193636538e-06 0.000000000e+00 3.850821673e-01 0.000000000e+00
5.223951363e+01 4.778086159e-01 5.455032913e-06 5.454135485e-06 0.000000000e+00 4.778031617e-01 0.000000000e+00
5.538022172e+01 5.827982767e-01 4.975597914e-06 4.974876875e-06 0.000000000e+00 5.827933018e-01 0.000000000e+00
5.870975330e+01 7.007521402e-01 4.392904497e-06 4.392327162e-06 0.000000000e+00 7.007477479e-01 0.000000000e+00
6.223946068e+01 8.316541026e-01 3.841966830e-06 3.841523054e-06 0.000000000e+00 8.316502611e-01 0.000000000e+00
6.598137870e+01 9.726889188e-01 3.460505813e-06 3.460148600e-06 0.000000000e+00 9.726854587e-01 0.000000000e+00
6.994826574e+01 1.126627365e+00 3.075690176e-06 3.075409234e-06 0.000000000e+00 1.126624290e+00 0.000000000e+00
7.415364723e+01 1.284851365e+00 2.692172585e-06 2.691952950e-06 0.000000000e+00 1.284848673e+00 0.000000000e+00
7.861186177e+01 1.442859103e+00 2.474211320e-06 2.474032011e-06 0.000000000e+00 1.442856629e+00 0.000000000e+00
8.333811002e+01 1.603672598e+00 2.162399041e-06 2.162258219e-06 0.000000000e+00 1.603670436e+00 0.000000000e+00
8.834850651e+01 1.759579991e+00 1.914614063e-06 1.914505324e-06 0.000000000e+00 1.759578076e+00 0.000000000e+00
9.366013462e+01 1.896521466e+00 1.693792263e-06 1.693707143e-06 0.000000000e+00 1.896519773e+00 0.000000000e+00
9.929110477e+01 2.008537454e+00 9.651069894e-07 9.650630094e-07 0.000000000e+00 2.008536489e+00 0.000000000e+00
1.052606162e+02 2.111867663e+00 0.000000000e+00 0.000000000e+00 0.000000000e+00 2.111867663e+00 0.000000000e+00
1.115890226e+02 2.196862661e+00 0.000000000e+00 0.000000000e+00 0.000000000e+00 2.196862661e+00 0.000000000e+00
1.182979010e+02 2.247173471e+00 0.000000000e+00 0.000000000e+00 0.000000000e+00 2.247173471e+00 0.000000000e+00
1.254101260e+02 2.261154574e+00 0.000000000e+00 0.000000000e+00 0.000000000e+00 2.261154574e+00 0.000000000e+00
1.329499472e+02 2.248128556e+00 0.000000000e+00 0.000000000e+00 0.000000000e+00 2.248128556e+00 0.000000000e+00
1.409430725e+02 2.224965996e+00 0.000000000e+00 0.000000000e+00 0.000000000e+00 2.224965996e+00 0.000000000e+00
1.494167549e+02 2.154433587e+00 0.000000000e+00 0.000000000e+00 0.000000000e+00 2.154433587e+00 0.000000000e+00
1.583998862e+02 2.075454858e+00 0.000000000e+00 0.000000000e+00 0.000000000e+00 2.075454858e+00 0.000000000e+00
1.679230951e+02 1.960724826e+00 0.000000000e+00 0.000000000e+00 0.000000000e+00 1.960724826e+00 0.000000000e+00
1.780188519e+02 1.846795181e+00 0.000000000e+00 0.000000000e+00 0.000000000e+00 1.846795181e+00 0.000000000e+00
1.887215788e+02 1.725417328e+00 0.000000000e+00 0.000000000e+00 0.000000000e+00 1.725417328e+00 0.000000000e+00
2.000677676e+02 1.579545862e+00 0.000000000e+00 0.000000000e+00 0.000000000e+00 1.579545862e+00 0.000000000e+00
2.120961043e+02 1.437362039e+00 0.000000000e+00 0.000000000e+00 0.000000000e+00 1.437362039e+00 0.000000000e+00
2.248476003e+02 1.295628255e+00 0.000000000e+00 0.000000000e+00 0.000000000e+00 1.295628255e+00 0.000000000e+00
2.383657330e+02 1.171721228e+00 0.000000000e+00 0.000000000e+00 0.000000000e+00 1.171721228e+00 0.000000000e+00
2.526965935e+02 1.050666668e+00 0.000000000e+00 0.000000000e+00 0.000000000e+00 1.050666668e+00 0.000000000e+00
2.678890442e+02 9.210350332e-01 0.000000000e+00 0.000000000e+00 0.000000000e+00 9.210350332e-01 0.000000000e+00
2.839948849e+02 8.039393070e-01 0.000000000e+00 0.000000000e+00 0.000000000e+00 8.039393070e-01 0.000000000e+00
3.010690299e+02 7.005132890e-01 0.000000000e+00 0.000000000e+00 0.000000000e+00 7.005132890e-01 0.000000000e+00
3.191696949e+02 6.063735102e-01 0.000000000e+00 0.000000000e+00 0.000000000e+00 6.063735102e-01 0.000000000e+00
3.383585957e+02 5.279499414e-01 0.000000000e+00 0.000000000e+00 0.000000000e+00 5.279499414e-01 0.000000000e+00
3.587011583e+02 4.509511597e-01 0.000000000e+00 0.000000000e+00 0.000000000e+00 4.509511597e-01 0.000000000e+00
3.802667425e+02 3.811571160e-01 0.000000000e+00 0.000000000e+00 0.000000000e+00 3.811571160e-01 0.000000000e+00
4.031288779e+02 3.264129278e-01 0.000000000e+00 0.000000000e+00 0.000000000e+00 3.264129278e-01 0.000000000e+00
4.273655148e+02 2.772648843e-01 0.000000000e+00 0.000000000e+00 0.000000000e+00 2.772648843e-01 0.000000000e+00
4.530592901e+02 2.326551836e-01 0.000000000e+00 0.000000000e+00 0.000000000e+00 2.326551836e-01 0.000000000e+00
4.802978090e+02 1.941493943e-01 0.000000000e+00 0.000000000e+00 0.000000000e+00 1.941493943e-01 0.000000000e+00
5.091739433e+02 1.626012527e-01 0.000000000e+00 0.000000000e+00 0.000000000e+00 1.626012527e-01 0.000000000e+00
5.397861487e+02 1.343248175e-01 0.000000000e+00 0.000000000e+00 0.000000000e+00 1.343248175e-01 0.000000000e+00
5.722388000e+02 1.122672813e-01 0.000000000e+00 0.000000000e+00 0.000000000e+00 1.122672813e-01 0.000000000e+00
6.066425473e+02 9.376223403e-02 0.000000000e+00 0.000000000e+00 0.000000000e+00 9.376223403e-02 0.000000000e+00
6.431146930e+02 7.751801317e-02 0.000000000e+00 0.000000000e+00 0.000000000e+00 7.751801317e-02 0.000000000e+00
6.817795920e+02 6.438790561e-02 0.000000000e+00 0.000000000e+00 0.000000000e+00 6.438790561e-02 0.000000000e+00
7.227690754e+02 5.270581365e-02 0.000000000e+00 0.000000000e+00 0.000000000e+00 5.270581365e-02 0.000000000e+00
7.662229003e+02 4.320513754e-02 0.000000000e+00 0.000000000e+00 0.000000000e+00 4.320513754e-02 0.000000000e+00
8.122892262e+02 3.527152233e-02 0.000000000e+00 0.000000000e+00 0.000000000e+00 3.527152233e-02 0.000000000e+00
8.611251200e+02 2.871166935e-02 0.000000000e+00 0.000000000e+00 0.000000000e+00 2.871166935e-02 0.000000000e+00
9.128970918e+02 2.366851909e-02 0.000000000e+00 0.000000000e+00 0.000000000e+00 2.366851909e-02 0.000000000e+00
9.677816625e+02 1.934863515e-02 0.000000000e+00 0.000000000e+00 0.000000000e+00 1.934863515e-02 0.000000000e+00
1.025965966e+03 1.619876172e-02 0.000000000e+00 0.000000000e+00 0.000000000e+00 1.619876172e-02 0.000000000e+00
1.087648385e+03 1.495592356e-02 0.000000000e+00 0.000000000e+00 0.000000000e+00 1.495592356e-02 0.000000000e+00
1.153039233e+03 1.363860629e-02 0.000000000e+00 0.000000000e+00 0.000000000e+00 1.363860629e-02 0.000000000e+00
1.222361464e+03 1.225269214e-02 0.000000000e+00 0.000000000e+00 0.000000000e+00 1.225269214e-02 0.000000000e+00
1.295851439e+03 1.105177730e-02 0.000000000e+00 0.000000000e+00 0.000000000e+00 1.105177730e-02 0.000000000e+00
1.373759727e+03 1.009948127e-02 0.000000000e+00 0.000000000e+00 0.000000000e+00 1.009948127e-02 0.000000000e+00
1.456351964e+03 9.003462511e-03 0.000000000e+00 0.000000000e+00 0.000000000e+00 9.003462511e-03 0.000000000e+00
1.543909754e+03 8.336972964e-03 0.000000000e+00 0.000000000e+00 0.000000000e+00 8.336972964e-03 0.000000000e+00
1.636731634e+03 7.346545975e-03 0.000000000e+00 0.000000000e+00 0.000000000e+00 7.346545975e-03 0.000000000e+00
1.735134087e+03 6.658253867e-03 0.000000000e+00 0.000000000e+00 0.000000000e+00 6.658253867e-03 0.000000000e+00
1.839452624e+03 6.004521030e-03 0.000000000e+00 0.000000000e+00 0.000000000e+00 6.004521030e-03 0.000000000e+00
1.950042929e+03 5.474621075e-03 0.000000000e+00 0.000000000e+00 0.000000000e+00 5.474621075e-03 0.000000000e+00
2.067282068e+03 4.889949603e-03 0.000000000e+00 0.000000000e+00 0.000000000e+00 4.889949603e-03 0.000000000e+00
2.191569778e+03 4.412305512e-03 0.000000000e+00 0.000000000e+00 0.000000000e+00 4.412305512e-03 0.000000000e+00
2.323329827e+03 3.930295563e-03 0.000000000e+00 0.000000000e+00 0.000000000e+00 3.930295563e-03 0.000000000e+00
2.463011464e+03 3.537141472e-03 0.000000000e+00 0.000000000e+00 0.000000000e+00 3.537141472e-03 0.000000000e+00
2.611090944e+03 3.201227684e-03 0.000000000e+00 0.000000000e+00 0.000000000e+00 3.201227684e-03 0.000000000e+00
2.768073157e+03 2.808920793e-03 0.000000000e+00 0.000000000e+00 0.000000000e+00 2.808920793e-03 0.000000000e+00
2.934493346e+03 2.566867734e-03 0.000000000e+00 0.000000000e+00 0.000000000e+00 2.566867734e-03 0.000000000e+00
3.110918936e+03 2.276920036e-03 0.000000000e+00 0.000000000e+00 0.000000000e+00 2.276920036e-03 0.000000000e+00
3.297951463e+03 2.040716639e-03 0.000000000e+00 0.000000000e+00 0.000000000e+00 2.040716639e-03 0.000000000e+00
3.496228631e+03 1.834539047e-03 0.000000000e+00 0.000000000e+00 0.000000000e+00 1.834539047e-03 0.000000000e+00
3.706426483e+03 1.654352623e-03 0.000000000e+00 0.000000000e+00 0.000000000e+00 1.654352623e-03 0.000000000e+00
3.929261705e+03 1.464089048e-03 0.000000000e+00 0.000000000e+00 0.000000000e+00 1.464089048e-03 0.000000000e+00
4.165494073e+03 1.313788387e-03 0.000000000e+00 0.000000000e+00 0.000000000e+00 1.313788387e-03 0.000000000e+00
4.415929040e+03 1.173190419e-03 0.000000000e+00 0.000000000e+00 0.000000000e+00 1.173190419e-03 0.000000000e+00
4.681420487e+03 1.059618686e-03 0.000000000e+00 0.000000000e+00 0.000000000e+00 1.059618686e-03 0.000000000e+00
4.962873628e+03 9.410457919e-04 0.000000000e+00 0.000000000e+00 0.000000000e+00 9.410457919e-04 0.000000000e+00
5.261248100e+03 8.396600705e-04 0.000000000e+00 0.000000000e+00 0.000000000e+00 8.396600705e-04 0.000000000e+00
5.577561237e+03 7.552203819e-04 0.000000000e+00 0.000000000e+00 0.000000000e+00 7.552203819e-04 0.000000000e+00
5.912891535e+03 6.660227693e-04 0.000000000e+00 0.000000000e+00 0.000000000e+00 6.660227693e-04 0.000000000e+00
6.268382331e+03 6.029095409e-04 0.000000000e+00 0.000000000e+00 0.000000000e+00 6.029095409e-04 0.000000000e+00
6.645245699e+03 5.390735816e-04 0.000000000e+00 0.000000000e+00 0.000000000e+00 5.390735816e-04 0.000000000e+00
7.044766588e+03 4.843578236e-04 0.000000000e+00 0.000000000e+00 0.000000000e+00 4.843578236e-04 0.000000000e+00
7.468307196e+03 4.229363549e-04 0.000000000e+00 0.000000000e+00 0.000000000e+00 4.229363549e-04 0.000000000e+00
7.917311621e+03 3.866741020e-04 0.000000000e+00 0.000000000e+00 0.000000000e+00 3.866741020e-04 0.000000000e+00
8.393310782e+03 3.427615841e-04 0.000000000e+00 0.000000000e+00 0.000000000e+00 3.427615841e-04 0.000000000e+00
8.897927636e+03 2.985299734e-04 0.000000000e+00 0.000000000e+00 0.000000000e+00 2.985299734e-04 0.000000000e+00
9.432882717e+03 2.691853493e-04 0.000000000e+00 0.000000000e+00 0.000000000e+00 2.691853493e-04 0.000000000e+00
1.000000000e+04 2.196366738e-04 0.000000000e+00 0.000000000e+00 0.000000000e+00 2.196366738e-04 0.000000000e+00
