# column 1: wavelength (micron)
# column 2: total flux; F_nu (Jy)
# column 3: transparent flux; F_nu (Jy)
# column 4: direct primary flux; F_nu (Jy)
# column 5: scattered primary flux; F_nu (Jy)
# column 6: direct secondary flux; F_nu (Jy)
# column 7: scattered secondary flux; F_nu (Jy)
9.000000000e-02 1.285227029e-03 3.394813351e-03 1.080211961e-03 2.050150682e-04 0.000000000e+00 0.000000000e+00
9.541091806e-02 7.280156624e-03 1.751823639e-02 6.108177992e-03 1.171978633e-03 0.000000000e+00 0.000000000e+00
1.011471476e-01 1.013470789e-02 2.061761070e-02 8.547040094e-03 1.587667797e-03 0.000000000e+00 0.000000000e+00
1.072282468e-01 1.282224608e-02 2.221662314e-02 1.090631807e-02 1.915928014e-03 0.000000000e+00 0.000000000e+00
1.136749497e-01 1.393675873e-02 2.154841131e-02 1.203544688e-02 1.901311844e-03 0.000000000e+00 0.000000000e+00
1.205092367e-01 1.324229207e-02 1.913994213e-02 1.155891543e-02 1.683376644e-03 0.000000000e+00 0.000000000e+00
1.277544101e-01 1.487003819e-02 2.027774860e-02 1.313479854e-02 1.735239652e-03 0.000000000e+00 0.000000000e+00
1.354351729e-01 1.496046510e-02 1.962849531e-02 1.339320339e-02 1.567261709e-03 0.000000000e+00 0.000000000e+00
1.435777131e-01 1.427837206e-02 1.816332128e-02 1.293118527e-02 1.347186793e-03 0.000000000e+00 0.000000000e+00
1.522097936e-01 1.395058325e-02 1.730516731e-02 1.272346270e-02 1.227120548e-03 0.000000000e+00 0.000000000e+00
1.613608460e-01 1.346506011e-02 1.649223318e-02 1.231982208e-02 1.145238034e-03 0.000000000e+00 0.000000000e+00
1.710620718e-01 1.301343238e-02 1.600716593e-02 1.189450737e-02 1.118925011e-03 0.000000000e+00 0.000000000e+00
1.813465479e-01 1.221246892e-02 1.539840397e-02 1.112598914e-02 1.086479778e-03 0.000000000e+00 0.000000000e+00
1.922493402e-01 1.084073103e-02 1.447756260e-02 9.849668697e-03 9.910623313e-04 0.000000000e+00 0.000000000e+00
2.038076228e-01 9.403127122e-03 1.356580197e-02 8.503328426e-03 8.997986961e-04 0.000000000e+00 0.000000000e+00
2.160608044e-01 9.009548889e-03 1.327791920e-02 8.127760774e-03 8.817881151e-04 0.000000000e+00 0.000000000e+00
2.290506634e-01 9.097495655e-03 1.244521306e-02 8.212701042e-03 8.847946125e-04 0.000000000e+00 0.000000000e+00
2.428214897e-01 9.242192087e-03 1.160871900e-02 8.386907426e-03 8.552846606e-04 0.000000000e+00 0.000000000e+00
2.574202362e-01 9.178763357e-03 1.095664513e-02 8.408723869e-03 7.700394881e-04 0.000000000e+00 0.000000000e+00
2.728966785e-01 8.942501409e-03 1.038335239e-02 8.277408109e-03 6.650933002e-04 0.000000000e+00 0.000000000e+00
2.893035848e-01 8.585211699e-03 9.786115621e-03 8.023364342e-03 5.618473574e-04 0.000000000e+00 0.000000000e+00
3.066968958e-01 8.200830303e-03 9.212354722e-03 7.725177585e-03 4.756527177e-04 0.000000000e+00 0.000000000e+00
3.251359155e-01 7.672544678e-03 8.514716293e-03 7.273668648e-03 3.988760304e-04 0.000000000e+00 0.000000000e+00
3.446835132e-01 7.266161825e-03 7.981113553e-03 6.925266875e-03 3.408949491e-04 0.000000000e+00 0.000000000e+00
3.654063382e-01 7.092959619e-03 7.723026957e-03 6.797166473e-03 2.957931461e-04 0.000000000e+00 0.000000000e+00
3.873750465e-01 8.619668776e-03 9.280030203e-03 8.315252977e-03 3.044157990e-04 0.000000000e+00 0.000000000e+00
4.106645425e-01 9.042835909e-03 9.646613901e-03 8.766323746e-03 2.765121625e-04 0.000000000e+00 0.000000000e+00
4.353542335e-01 8.536778934e-03 9.045506159e-03 8.302198342e-03 2.345805927e-04 0.000000000e+00 0.000000000e+00
4.615283011e-01 8.251432630e-03 8.685138273e-03 8.050357491e-03 2.010751386e-04 0.000000000e+00 0.000000000e+00
4.892759879e-01 7.646857243e-03 8.008631960e-03 7.480521772e-03 1.663354719e-04 0.000000000e+00 0.000000000e+00
5.186919022e-01 7.411945369e-03 7.723883389e-03 7.270796567e-03 1.411488028e-04 0.000000000e+00 0.000000000e+00
5.498763397e-01 7.095103308e-03 7.360811729e-03 6.977911675e-03 1.171916332e-04 0.000000000e+00 0.000000000e+00
5.829356266e-01 6.838623150e-03 7.066437324e-03 6.740874351e-03 9.774879825e-05 0.000000000e+00 0.000000000e+00
6.179824811e-01 6.604262984e-03 6.800410050e-03 6.521815051e-03 8.244793277e-05 0.000000000e+00 0.000000000e+00
6.551363985e-01 6.390066343e-03 6.562121922e-03 6.320035720e-03 7.003062324e-05 0.000000000e+00 0.000000000e+00
6.945240582e-01 6.253176855e-03 6.403899095e-03 6.194376355e-03 5.880049978e-05 0.000000000e+00 0.000000000e+00
7.362797556e-01 6.015886360e-03 6.145297258e-03 5.967169407e-03 4.871695236e-05 0.000000000e+00 0.000000000e+00
7.805458603e-01 5.796276776e-03 5.907519072e-03 5.755872822e-03 4.040395490e-05 0.000000000e+00 0.000000000e+00
8.274733014e-01 5.548525212e-03 5.642709562e-03 5.515030377e-03 3.349483540e-05 0.000000000e+00 0.000000000e+00
8.772220817e-01 5.496759424e-03 5.580723436e-03 5.468079827e-03 2.867959662e-05 0.000000000e+00 0.000000000e+00
9.299618239e-01 5.380582477e-03 5.454245702e-03 5.356580572e-03 2.400190501e-05 0.000000000e+00 0.000000000e+00
9.858723487e-01 5.155163222e-03 5.217784908e-03 5.135592337e-03 1.957088544e-05 3.589715304e-123 2.258619172e-125
1.045144288e+00 4.894010464e-03 4.947285819e-03 4.878255126e-03 1.575533795e-05 6.361851304e-116 3.530752295e-118
1.107979733e+00 4.510879450e-03 4.554600327e-03 4.498192639e-03 1.268681103e-05 4.630305774e-109 2.222305668e-111
1.174592928e+00 4.310255102e-03 4.348039619e-03 4.299739830e-03 1.051527249e-05 1.328120741e-102 5.794241795e-105
1.245210996e+00 4.033357208e-03 4.064741102e-03 4.024985688e-03 8.371519703e-06 1.341684644e-96 4.801373666e-99
1.320074714e+00 3.890262029e-03 3.916962261e-03 3.883508820e-03 6.753209394e-06 7.442891352e-91 2.403589769e-93
1.399439338e+00 3.740461901e-03 3.763466887e-03 3.735027348e-03 5.434553569e-06 1.795045856e-85 5.193084561e-88
1.483575466e+00 3.613767796e-03 3.633324796e-03 3.609405318e-03 4.362477731e-06 2.455169534e-80 5.707315187e-83
1.572769969e+00 3.570613930e-03 3.587705361e-03 3.566952211e-03 3.661718496e-06 1.431637519e-75 3.074551945e-78
1.667326963e+00 3.506768109e-03 3.521715703e-03 3.503754407e-03 3.013702557e-06 4.926004712e-71 8.883550216e-74
1.767568847e+00 3.271589098e-03 3.284247855e-03 3.269222083e-03 2.367015065e-06 8.672878015e-67 1.340474597e-69
1.873837405e+00 3.019438879e-03 3.030073454e-03 3.017604519e-03 1.834359720e-06 9.098016847e-63 1.185083366e-65
1.986494968e+00 2.820889109e-03 2.829831547e-03 2.819443638e-03 1.445471504e-06 5.445508127e-59 6.246871830e-62
2.105925651e+00 2.567943304e-03 2.575456446e-03 2.566836700e-03 1.106604009e-06 1.951172139e-55 1.944825453e-58
2.232536664e+00 2.356182549e-03 2.362465352e-03 2.355336559e-03 8.459897827e-07 4.291441643e-52 3.568881769e-55
2.366759696e+00 2.109975192e-03 2.115180814e-03 2.109330769e-03 6.444229154e-07 6.721593383e-49 4.748933528e-52
2.509052394e+00 1.848400983e-03 1.852650781e-03 1.847927021e-03 4.739622328e-07 6.856031278e-46 4.076856503e-49
2.659899915e+00 1.796853780e-03 1.800537140e-03 1.796491197e-03 3.625834299e-07 4.258385912e-43 2.118713738e-46
2.819816587e+00 1.694129708e-03 1.697257178e-03 1.693857051e-03 2.726573632e-07 1.820080883e-40 7.616690136e-44
2.989347660e+00 1.446981149e-03 1.449482204e-03 1.446784316e-03 1.968323909e-07 5.812864179e-38 2.011448254e-41
3.169071162e+00 1.291859920e-03 1.293914759e-03 1.291712155e-03 1.477647172e-07 1.324067302e-35 3.811393154e-39
3.359599877e+00 1.242128627e-03 1.243888571e-03 1.242017860e-03 1.107675185e-07 2.227804594e-33 5.346830442e-37
3.561583429e+00 1.166868151e-03 1.168326509e-03 1.166785596e-03 8.255510064e-08 2.587212304e-31 5.109642432e-35
3.775710497e+00 1.007849733e-03 1.009039974e-03 1.007790395e-03 5.933793596e-08 2.274537532e-29 3.691505408e-33
4.002711165e+00 9.157427192e-04 9.167350496e-04 9.156998706e-04 4.284857343e-08 1.560309114e-27 2.040097382e-31
4.243359411e+00 8.610168527e-04 8.618626488e-04 8.609871971e-04 2.965558874e-08 8.680875339e-26 6.793232938e-30
4.498475745e+00 7.351038631e-04 7.357973240e-04 7.350934673e-04 1.039573290e-08 3.829439099e-24 6.749320760e-29
4.768930007e+00 6.579786348e-04 6.585440309e-04 6.579755409e-04 3.093846636e-09 1.260331299e-22 4.835497189e-29
5.055644335e+00 5.836544500e-04 5.841247496e-04 5.836533023e-04 1.147676006e-09 3.418367874e-21 2.697609684e-41
5.359596304e+00 5.451524383e-04 5.455469337e-04 5.451523753e-04 6.300713940e-11 8.207621306e-20 1.207223978e-50
5.681822265e+00 4.960479973e-04 4.963871970e-04 4.960479973e-04 0.000000000e+00 1.489909956e-18 0.000000000e+00
6.023420872e+00 4.454013724e-04 4.456833327e-04 4.454013724e-04 0.000000000e+00 2.345754109e-17 0.000000000e+00
6.385556837e+00 4.015249153e-04 4.017631065e-04 4.015249153e-04 0.000000000e+00 3.153502105e-16 0.000000000e+00
6.769464890e+00 3.581647636e-04 3.583656462e-04 3.581647636e-04 0.000000000e+00 3.538018201e-15 0.000000000e+00
7.176453999e+00 3.247035217e-04 3.248772114e-04 3.247035216e-04 0.000000000e+00 3.627825756e-14 0.000000000e+00
7.607911827e+00 2.930855208e-04 2.932643866e-04 2.930855205e-04 0.000000000e+00 3.397474070e-13 0.000000000e+00
8.065309466e+00 2.641953995e-04 2.644537080e-04 2.641953963e-04 0.000000000e+00 3.244816044e-12 0.000000000e+00
8.550206451e+00 2.371321514e-04 2.375118009e-04 2.371321202e-04 0.000000000e+00 3.124649696e-11 0.000000000e+00
9.064256079e+00 2.204916486e-04 2.209886206e-04 2.204914053e-04 0.000000000e+00 2.432411960e-10 0.000000000e+00
9.609211044e+00 1.992189843e-04 1.997346049e-04 1.992174335e-04 0.000000000e+00 1.550859835e-09 0.000000000e+00
1.018692942e+01 1.777941552e-04 1.781983268e-04 1.777865811e-04 0.000000000e+00 7.574150362e-09 0.000000000e+00
1.079938098e+01 1.569489009e-04 1.572151142e-04 1.569176538e-04 0.000000000e+00 3.124708068e-08 0.000000000e+00
1.144865393e+01 1.371225198e-04 1.372174997e-04 1.370140639e-04 0.000000000e+00 1.084559160e-07 0.000000000e+00
1.213696202e+01 1.167067324e-04 1.164925248e-04 1.163573103e-04 0.000000000e+00 3.494220297e-07 0.000000000e+00
1.286665210e+01 1.042438842e-04 1.032634458e-04 1.031697727e-04 0.000000000e+00 1.074111535e-06 0.000000000e+00
1.364021210e+01 9.360656852e-05 9.045858893e-05 9.039251130e-05 0.000000000e+00 3.214057215e-06 0.000000000e+00
1.446027954e+01 8.957447459e-05 7.986647557e-05 7.980986777e-05 0.000000000e+00 9.764606820e-06 0.000000000e+00
1.532965052e+01 1.001923129e-04 7.016910474e-05 7.011410601e-05 0.000000000e+00 3.007820687e-05 0.000000000e+00
1.625128922e+01 1.529218329e-04 6.025442554e-05 6.019973554e-05 0.000000000e+00 9.272209734e-05 0.000000000e+00
1.722833804e+01 3.078451549e-04 5.266735415e-05 5.261370365e-05 0.000000000e+00 2.552314512e-04 0.000000000e+00
1.826412832e+01 6.659515239e-04 4.587699097e-05 4.582744218e-05 0.000000000e+00 6.201240818e-04 0.000000000e+00
1.936219168e+01 1.444275328e-03 4.030277758e-05 4.026057042e-05 0.000000000e+00 1.404014758e-03 0.000000000e+00
2.052627204e+01 2.728437200e-03 3.523485899e-05 3.520078381e-05 0.000000000e+00 2.693236416e-03 0.000000000e+00
2.176033844e+01 5.307195697e-03 3.170868190e-05 3.168121041e-05 0.000000000e+00 5.275514487e-03 0.000000000e+00
2.306859853e+01 9.481806133e-03 2.769345075e-05 2.767164471e-05 0.000000000e+00 9.454134488e-03 0.000000000e+00
2.445551294e+01 1.650703384e-02 2.520597382e-05 2.518764919e-05 0.000000000e+00 1.648184619e-02 0.000000000e+00
2.592581045e+01 2.681421635e-02 2.219751822e-05 2.218282704e-05 0.000000000e+00 2.679203353e-02 0.000000000e+00
2.748450419e+01 4.464356587e-02 1.954572692e-05 1.953367631e-05 0.000000000e+00 4.462403219e-02 0.000000000e+00
2.913690863e+01 6.913137563e-02 1.770468218e-05 1.769465774e-05 0.000000000e+00 6.911368097e-02 0.000000000e+00
3.088865780e+01 1.040856277e-01 1.567183005e-05 1.566352279e-05 0.000000000e+00 1.040699642e-01 0.000000000e+00
3.274572442e+01 1.524816727e-01 1.415093476e-05 1.414403439e-05 0.000000000e+00 1.524675287e-01 0.000000000e+00
3.471444033e+01 2.143067003e-01 1.249177337e-05 1.248615489e-05 0.000000000e+00 2.142942142e-01 0.000000000e+00
3.680151802e+01 2.946149807e-01 1.097862090e-05 1.097403474e-05 0.000000000e+00 2.946040067e-01 0.000000000e+00
3.901407356e+01 3.969961088e-01 9.895075471e-06 9.891311011e-06 0.000000000e+00 3.969862175e-01 0.000000000e+00
4.135965084e+01 5.136711468e-01 8.858524725e-06 8.855425455e-06 0.000000000e+00 5.136622913e-01 0.000000000e+00
4.384624730e+01 6.516206782e-01 7.794774363e-06 7.792287024e-06 0.000000000e+00 6.516128859e-01 0.000000000e+00
4.648234121e+01 8.126611674e-01 6.906483277e-06 6.904489343e-06 0.000000000e+00 8.126542629e-01 0.000000000e+00
4.927692053e+01 9.896168800e-01 6.188914593e-06 6.187345294e-06 0.000000000e+00 9.896106927e-01 0.000000000e+00
5.223951363e+01 1.191261978e+00 5.554590873e-06 5.553314734e-06 0.000000000e+00 1.191256425e+00 0.000000000e+00
5.538022172e+01 1.404234134e+00 4.865730793e-06 4.864728457e-06 0.000000000e+00 1.404229269e+00 0.000000000e+00
5.870975330e+01 1.623747390e+00 4.424042856e-06 4.423242395e-06 0.000000000e+00 1.623742967e+00 0.000000000e+00
6.223946068e+01 1.857103732e+00 3.879527941e-06 3.878895749e-06 0.000000000e+00 1.857099853e+00 0.000000000e+00
6.598137870e+01 2.084385292e+00 3.432382741e-06 3.431880092e-06 0.000000000e+00 2.084381860e+00 0.000000000e+00
6.994826574e+01 2.320993123e+00 3.055234043e-06 3.054833627e-06 0.000000000e+00 2.320990068e+00 0.000000000e+00
7.415364723e+01 2.553594977e+00 2.730940072e-06 2.730627568e-06 0.000000000e+00 2.553592247e+00 0.000000000e+00
7.861186177e+01 2.755949711e+00 2.453534048e-06 2.453286337e-06 0.000000000e+00 2.755947258e+00 0.000000000e+00
8.333811002e+01 2.936845587e+00 2.160303406e-06 2.160106773e-06 0.000000000e+00 2.936843427e+00 0.000000000e+00
8.834850651e+01 3.083300817e+00 1.913961102e-06 1.913808324e-06 0.000000000e+00 3.083298904e+00 0.000000000e+00
9.366013462e+01 3.225517325e+00 1.746650969e-06 1.746527255e-06 0.000000000e+00 3.225515578e+00 0.000000000e+00
9.929110477e+01 3.311005912e+00 9.796399110e-07 9.795772625e-07 0.000000000e+00 3.311004933e+00 0.000000000e+00
1.052606162e+02 3.359401799e+00 0.000000000e+00 0.000000000e+00 0.000000000e+00 3.359401799e+00 0.000000000e+00
1.115890226e+02 3.354371048e+00 0.000000000e+00 0.000000000e+00 0.000000000e+00 3.354371048e+00 0.000000000e+00
1.182979010e+02 3.339910373e+00 0.000000000e+00 0.000000000e+00 0.000000000e+00 3.339910373e+00 0.000000000e+00
1.254101260e+02 3.281552317e+00 0.000000000e+00 0.000000000e+00 0.000000000e+00 3.281552317e+00 0.000000000e+00
1.329499472e+02 3.200407715e+00 0.000000000e+00 0.000000000e+00 0.000000000e+00 3.200407715e+00 0.000000000e+00
1.409430725e+02 3.066746099e+00 0.000000000e+00 0.000000000e+00 0.000000000e+00 3.066746099e+00 0.000000000e+00
1.494167549e+02 2.902705030e+00 0.000000000e+00 0.000000000e+00 0.000000000e+00 2.902705030e+00 0.000000000e+00
1.583998862e+02 2.739466839e+00 0.000000000e+00 0.000000000e+00 0.000000000e+00 2.739466839e+00 0.000000000e+00
1.679230951e+02 2.528701971e+00 0.000000000e+00 0.000000000e+00 0.000000000e+00 2.528701971e+00 0.000000000e+00
1.780188519e+02 2.358167906e+00 0.000000000e+00 0.000000000e+00 0.000000000e+00 2.358167906e+00 0.000000000e+00
1.887215788e+02 2.150689225e+00 0.000000000e+00 0.000000000e+00 0.000000000e+00 2.150689225e+00 0.000000000e+00
2.000677676e+02 1.952593503e+00 0.000000000e+00 0.000000000e+00 0.000000000e+00 1.952593503e+00 0.000000000e+00
2.120961043e+02 1.750861608e+00 0.000000000e+00 0.000000000e+00 0.000000000e+00 1.750861608e+00 0.000000000e+00
2.248476003e+02 1.567143005e+00 0.000000000e+00 0.000000000e+00 0.000000000e+00 1.567143005e+00 0.000000000e+00
2.383657330e+02 1.397816445e+00 0.000000000e+00 0.000000000e+00 0.000000000e+00 1.397816445e+00 0.000000000e+00
2.526965935e+02 1.216145160e+00 0.000000000e+00 0.000000000e+00 0.000000000e+00 1.216145160e+00 0.000000000e+00
2.678890442e+02 1.064102097e+00 0.000000000e+00 0.000000000e+00 0.000000000e+00 1.064102097e+00 0.000000000e+00
2.839948849e+02 9.348148895e-01 0.000000000e+00 0.000000000e+00 0.000000000e+00 9.348148895e-01 0.000000000e+00
3.010690299e+02 7.987134543e-01 0.000000000e+00 0.000000000e+00 0.000000000e+00 7.987134543e-01 0.000000000e+00
3.191696949e+02 6.935947849e-01 0.000000000e+00 0.000000000e+00 0.000000000e+00 6.935947849e-01 0.000000000e+00
3.383585957e+02 5.947552106e-01 0.000000000e+00 0.000000000e+00 0.000000000e+00 5.947552106e-01 0.000000000e+00
3.587011583e+02 5.074184695e-01 0.000000000e+00 0.000000000e+00 0.000000000e+00 5.074184695e-01 0.000000000e+00
3.802667425e+02 4.310499857e-01 0.000000000e+00 0.000000000e+00 0.000000000e+00 4.310499857e-01 0.000000000e+00
4.031288779e+02 3.620274735e-01 0.000000000e+00 0.000000000e+00 0.000000000e+00 3.620274735e-01 0.000000000e+00
4.273655148e+02 3.054859774e-01 0.000000000e+00 0.000000000e+00 0.000000000e+00 3.054859774e-01 0.000000000e+00
4.530592901e+02 2.569379656e-01 0.000000000e+00 0.000000000e+00 0.000000000e+00 2.569379656e-01 0.000000000e+00
4.802978090e+02 2.154151654e-01 0.000000000e+00 0.000000000e+00 0.000000000e+00 2.154151654e-01 0.000000000e+00
5.091739433e+02 1.796359037e-01 0.000000000e+00 0.000000000e+00 0.000000000e+00 1.796359037e-01 0.000000000e+00
5.397861487e+02 1.472054992e-01 0.000000000e+00 0.000000000e+00 0.000000000e+00 1.472054992e-01 0.000000000e+00
5.722388000e+02 1.213323980e-01 0.000000000e+00 0.000000000e+00 0.000000000e+00 1.213323980e-01 0.000000000e+00
6.066425473e+02 1.003255459e-01 0.000000000e+00 0.000000000e+00 0.000000000e+00 1.003255459e-01 0.000000000e+00
6.431146930e+02 8.326783014e-02 0.000000000e+00 0.000000000e+00 0.000000000e+00 8.326783014e-02 0.000000000e+00
6.817795920e+02 6.883414980e-02 0.000000000e+00 0.000000000e+00 0.000000000e+00 6.883414980e-02 0.000000000e+00
7.227690754e+02 5.638505294e-02 0.000000000e+00 0.000000000e+00 0.000000000e+00 5.638505294e-02 0.000000000e+00
7.662229003e+02 4.687514345e-02 0.000000000e+00 0.000000000e+00 0.000000000e+00 4.687514345e-02 0.000000000e+00
8.122892262e+02 3.767268245e-02 0.000000000e+00 0.000000000e+00 0.000000000e+00 3.767268245e-02 0.000000000e+00
8.611251200e+02 3.107718736e-02 0.000000000e+00 0.000000000e+00 0.000000000e+00 3.107718736e-02 0.000000000e+00
9.128970918e+02 2.502110129e-02 0.000000000e+00 0.000000000e+00 0.000000000e+00 2.502110129e-02 0.000000000e+00
9.677816625e+02 2.052651502e-02 0.000000000e+00 0.000000000e+00 0.000000000e+00 2.052651502e-02 0.000000000e+00
1.025965966e+03 1.737902392e-02 0.000000000e+00 0.000000000e+00 0.000000000e+00 1.737902392e-02 0.000000000e+00
1.087648385e+03 1.581472290e-02 0.000000000e+00 0.000000000e+00 0.000000000e+00 1.581472290e-02 0.000000000e+00
1.153039233e+03 1.432959264e-02 0.000000000e+00 0.000000000e+00 0.000000000e+00 1.432959264e-02 0.000000000e+00
1.222361464e+03 1.298477306e-02 0.000000000e+00 0.000000000e+00 0.000000000e+00 1.298477306e-02 0.000000000e+00
1.295851439e+03 1.166875622e-02 0.000000000e+00 0.000000000e+00 0.000000000e+00 1.166875622e-02 0.000000000e+00
1.373759727e+03 1.064015476e-02 0.000000000e+00 0.000000000e+00 0.000000000e+00 1.064015476e-02 0.000000000e+00
1.456351964e+03 9.632824855e-03 0.000000000e+00 0.000000000e+00 0.000000000e+00 9.632824855e-03 0.000000000e+00
1.543909754e+03 8.688168270e-03 0.000000000e+00 0.000000000e+00 0.000000000e+00 8.688168270e-03 0.000000000e+00
1.636731634e+03 7.795917354e-03 0.000000000e+00 0.000000000e+00 0.000000000e+00 7.795917354e-03 0.000000000e+00
1.735134087e+03 7.027579744e-03 0.000000000e+00 0.000000000e+00 0.000000000e+00 7.027579744e-03 0.000000000e+00
1.839452624e+03 6.404085170e-03 0.000000000e+00 0.000000000e+00 0.000000000e+00 6.404085170e-03 0.000000000e+00
1.950042929e+03 5.683234050e-03 0.000000000e+00 0.000000000e+00 0.000000000e+00 5.683234050e-03 0.000000000e+00
2.067282068e+03 5.122482129e-03 0.000000000e+00 0.000000000e+00 0.000000000e+00 5.122482129e-03 0.000000000e+00
2.191569778e+03 4.663795886e-03 0.000000000e+00 0.000000000e+00 0.000000000e+00 4.663795886e-03 0.000000000e+00
2.323329827e+03 4.120162995e-03 0.000000000e+00 0.000000000e+00 0.000000000e+00 4.120162995e-03 0.000000000e+00
2.463011464e+03 3.720118819e-03 0.000000000e+00 0.000000000e+00 0.000000000e+00 3.720118819e-03 0.000000000e+00
2.611090944e+03 3.361236955e-03 0.000000000e+00 0.000000000e+00 0.000000000e+00 3.361236955e-03 0.000000000e+00
2.768073157e+03 3.035240713e-03 0.000000000e+00 0.000000000e+00 0.000000000e+00 3.035240713e-03 0.000000000e+00
2.934493346e+03 2.725418654e-03 0.000000000e+00 0.000000000e+00 0.000000000e+00 2.725418654e-03 0.000000000e+00
3.110918936e+03 2.405144878e-03 0.000000000e+00 0.000000000e+00 0.000000000e+00 2.405144878e-03 0.000000000e+00
3.297951463e+03 2.133634342e-03 0.000000000e+00 0.000000000e+00 0.000000000e+00 2.133634342e-03 0.000000000e+00
3.496228631e+03 1.925217663e-03 0.000000000e+00 0.000000000e+00 0.000000000e+00 1.925217663e-03 0.000000000e+00
3.706426483e+03 1.721685026e-03 0.000000000e+00 0.000000000e+00 0.000000000e+00 1.721685026e-03 0.000000000e+00
3.929261705e+03 1.556629381e-03 0.000000000e+00 0.000000000e+00 0.000000000e+00 1.556629381e-03 0.000000000e+00
4.165494073e+03 1.379960435e-03 0.000000000e+00 0.000000000e+00 0.000000000e+00 1.379960435e-03 0.000000000e+00
4.415929040e+03 1.226423526e-03 0.000000000e+00 0.000000000e+00 0.000000000e+00 1.226423526e-03 0.000000000e+00
4.681420487e+03 1.101211994e-03 0.000000000e+00 0.000000000e+00 0.000000000e+00 1.101211994e-03 0.000000000e+00
4.962873628e+03 9.845036027e-04 0.000000000e+00 0.000000000e+00 0.000000000e+00 9.845036027e-04 0.000000000e+00
5.261248100e+03 8.910399404e-04 0.000000000e+00 0.000000000e+00 0.000000000e+00 8.910399404e-04 0.000000000e+00
5.577561237e+03 7.905167105e-04 0.000000000e+00 0.000000000e+00 0.000000000e+00 7.905167105e-04 0.000000000e+00
5.912891535e+03 7.056654827e-04 0.000000000e+00 0.000000000e+00 0.000000000e+00 7.056654827e-04 0.000000000e+00
6.268382331e+03 6.282058083e-04 0.000000000e+00 0.000000000e+00 0.000000000e+00 6.282058083e-04 0.000000000e+00
6.645245699e+03 5.570387508e-04 0.000000000e+00 0.000000000e+00 0.000000000e+00 5.570387508e-04 0.000000000e+00
7.044766588e+03 5.016426985e-04 0.000000000e+00 0.000000000e+00 0.000000000e+00 5.016426985e-04 0.000000000e+00
7.468307196e+03 4.518487061e-04 0.000000000e+00 0.000000000e+00 0.000000000e+00 4.518487061e-04 0.000000000e+00
7.917311621e+03 4.002964670e-04 0.000000000e+00 0.000000000e+00 0.000000000e+00 4.002964670e-04 0.000000000e+00
8.393310782e+03 3.537198087e-04 0.000000000e+00 0.000000000e+00 0.000000000e+00 3.537198087e-04 0.000000000e+00
8.897927636e+03 3.202306049e-04 0.000000000e+00 0.000000000e+00 0.000000000e+00 3.202306049e-04 0.000000000e+00
9.432882717e+03 2.830846472e-04 0.000000000e+00 0.000000000e+00 0.000000000e+00 2.830846472e-04 0.000000000e+00
1.000000000e+04 2.290786852e-04 0.000000000e+00 0.000000000e+00 0.000000000e+00 2.290786852e-04 0.000000000e+00
