# column 1: wavelength (micron)
# column 2: total flux; F_nu (Jy)
# column 3: transparent flux; F_nu (Jy)
# column 4: direct primary flux; F_nu (Jy)
# column 5: scattered primary flux; F_nu (Jy)
# column 6: direct secondary flux; F_nu (Jy)
# column 7: scattered secondary flux; F_nu (Jy)
9.000000000e-02 1.285971655e-02 3.383010941e-02 1.089384894e-02 1.965867614e-03 0.000000000e+00 0.000000000e+00
9.541091806e-02 7.330489429e-02 1.754717284e-01 6.189475651e-02 1.141013778e-02 0.000000000e+00 0.000000000e+00
1.011471476e-01 1.036102494e-01 2.089699578e-01 8.773150718e-02 1.587874220e-02 0.000000000e+00 0.000000000e+00
1.072282468e-01 1.395706105e-01 2.381569417e-01 1.192029080e-01 2.036770255e-02 0.000000000e+00 0.000000000e+00
1.136749497e-01 1.560191951e-01 2.373875045e-01 1.350507638e-01 2.096843136e-02 0.000000000e+00 0.000000000e+00
1.205092367e-01 1.392019408e-01 1.990554816e-01 1.212965674e-01 1.790537348e-02 0.000000000e+00 0.000000000e+00
1.277544101e-01 1.705590815e-01 2.292391847e-01 1.508332147e-01 1.972586679e-02 0.000000000e+00 0.000000000e+00
1.354351729e-01 1.809120028e-01 2.337060421e-01 1.621087338e-01 1.880326898e-02 0.000000000e+00 0.000000000e+00
1.435777131e-01 1.785471068e-01 2.242111555e-01 1.621214180e-01 1.642568887e-02 0.000000000e+00 0.000000000e+00
1.522097936e-01 1.771560815e-01 2.169866957e-01 1.618634012e-01 1.529268024e-02 0.000000000e+00 0.000000000e+00
1.613608460e-01 1.737372671e-01 2.100955670e-01 1.591931688e-01 1.454409826e-02 0.000000000e+00 0.000000000e+00
1.710620718e-01 1.708399824e-01 2.073490745e-01 1.563893410e-01 1.445064142e-02 0.000000000e+00 0.000000000e+00
1.813465479e-01 1.633572674e-01 2.029734811e-01 1.492700687e-01 1.408719864e-02 0.000000000e+00 0.000000000e+00
1.922493402e-01 1.502408073e-01 1.969030733e-01 1.370904261e-01 1.315038125e-02 0.000000000e+00 0.000000000e+00
2.038076228e-01 1.345571576e-01 1.893456875e-01 1.224512322e-01 1.210592539e-02 0.000000000e+00 0.000000000e+00
2.160608044e-01 1.299912221e-01 1.864576409e-01 1.181094080e-01 1.188181416e-02 0.000000000e+00 0.000000000e+00
2.290506634e-01 1.339307361e-01 1.791793443e-01 1.215984758e-01 1.233226032e-02 0.000000000e+00 0.000000000e+00
2.428214897e-01 1.368119279e-01 1.692250557e-01 1.248151782e-01 1.199674970e-02 0.000000000e+00 0.000000000e+00
2.574202362e-01 1.420134374e-01 1.673535393e-01 1.306574665e-01 1.135597088e-02 0.000000000e+00 0.000000000e+00
2.728966785e-01 1.451579680e-01 1.666995530e-01 1.348467196e-01 1.031124835e-02 0.000000000e+00 0.000000000e+00
2.893035848e-01 1.486262719e-01 1.678577248e-01 1.394190411e-01 9.207230746e-03 0.000000000e+00 0.000000000e+00
3.066968958e-01 1.520322185e-01 1.694422666e-01 1.437345055e-01 8.297713042e-03 0.000000000e+00 0.000000000e+00
3.251359155e-01 1.525116298e-01 1.679779962e-01 1.449893221e-01 7.522307738e-03 0.000000000e+00 0.000000000e+00
3.446835132e-01 1.555904652e-01 1.698480238e-01 1.486614240e-01 6.929041252e-03 0.000000000e+00 0.000000000e+00
3.654063382e-01 1.651464960e-01 1.790433480e-01 1.585823687e-01 6.564127281e-03 0.000000000e+00 0.000000000e+00
3.873750465e-01 2.549545723e-01 2.741909455e-01 2.461857821e-01 8.768790183e-03 0.000000000e+00 0.000000000e+00
4.106645425e-01 3.067446534e-01 3.276538351e-01 2.972535638e-01 9.491089629e-03 0.000000000e+00 0.000000000e+00
4.353542335e-01 3.008855497e-01 3.195600773e-01 2.924544400e-01 8.431109654e-03 0.000000000e+00 0.000000000e+00
4.615283011e-01 3.160144003e-01 3.337150667e-01 3.080706790e-01 7.943721364e-03 0.000000000e+00 0.000000000e+00
4.892759879e-01 3.020486095e-01 3.174081640e-01 2.951562922e-01 6.892317242e-03 0.000000000e+00 0.000000000e+00
5.186919022e-01 3.060531633e-01 3.203589189e-01 2.998393772e-01 6.213786128e-03 0.000000000e+00 0.000000000e+00
5.498763397e-01 3.099836118e-01 3.231182436e-01 3.043569873e-01 5.626624527e-03 0.000000000e+00 0.000000000e+00
5.829356266e-01 3.127163269e-01 3.248225413e-01 3.076998459e-01 5.016481091e-03 0.000000000e+00 0.000000000e+00
6.179824811e-01 3.182563085e-01 3.295092731e-01 3.136952468e-01 4.561061667e-03 0.000000000e+00 0.000000000e+00
6.551363985e-01 3.143642008e-01 3.245545069e-01 3.103451761e-01 4.019024645e-03 0.000000000e+00 0.000000000e+00
6.945240582e-01 3.204888377e-01 3.299814015e-01 3.168768552e-01 3.611982470e-03 0.000000000e+00 0.000000000e+00
7.362797556e-01 3.220622916e-01 3.307864851e-01 3.188701867e-01 3.192104886e-03 0.000000000e+00 0.000000000e+00
7.805458603e-01 3.203771925e-01 3.282891402e-01 3.175951983e-01 2.781994196e-03 0.000000000e+00 0.000000000e+00
8.274733014e-01 3.165003924e-01 3.236449436e-01 3.140733485e-01 2.427043841e-03 0.000000000e+00 0.000000000e+00
8.772220817e-01 3.215382441e-01 3.281710101e-01 3.193693128e-01 2.168931296e-03 0.000000000e+00 0.000000000e+00
9.299618239e-01 3.207256996e-01 3.267563260e-01 3.188413518e-01 1.884347800e-03 0.000000000e+00 0.000000000e+00
9.858723487e-01 3.157922666e-01 3.212000261e-01 3.141725021e-01 1.619764470e-03 1.231857991e-58 8.253600415e-61
1.045144288e+00 3.037714173e-01 3.084921873e-01 3.024210024e-01 1.350414887e-03 3.950329970e-55 2.232846684e-57
1.107979733e+00 2.884947414e-01 2.925564883e-01 2.873522128e-01 1.142528620e-03 1.120432432e-51 5.778445081e-54
1.174592928e+00 2.795427604e-01 2.831473411e-01 2.785822098e-01 9.605506176e-04 1.201765956e-48 5.480371496e-51
1.245210996e+00 2.705741283e-01 2.737302224e-01 2.697631272e-01 8.110011025e-04 1.435232778e-45 5.914592714e-48
1.320074714e+00 2.645025112e-01 2.673240013e-01 2.638161316e-01 6.863795960e-04 7.929857860e-43 2.572136468e-45
1.399439338e+00 2.616058916e-01 2.641464475e-01 2.610236649e-01 5.822267358e-04 3.331711378e-40 9.968457655e-43
1.483575466e+00 2.578094185e-01 2.600797838e-01 2.573113154e-01 4.981030611e-04 1.191995435e-37 3.266130111e-40
1.572769969e+00 2.612379533e-01 2.633689542e-01 2.607983039e-01 4.396494474e-04 1.951598135e-35 4.531853227e-38
1.667326963e+00 2.577475558e-01 2.596581914e-01 2.573720839e-01 3.754718911e-04 3.632981885e-33 7.448241381e-36
1.767568847e+00 2.471208222e-01 2.488092708e-01 2.468140020e-01 3.068202586e-04 4.402978289e-31 7.361743241e-34
1.873837405e+00 2.296300014e-01 2.310569053e-01 2.293869636e-01 2.430378099e-04 3.163373675e-29 4.476369226e-32
1.986494968e+00 2.153843980e-01 2.166082942e-01 2.151901743e-01 1.942237375e-04 2.123430478e-27 2.618473980e-30
2.105925651e+00 1.989997986e-01 2.000408830e-01 1.988473054e-01 1.524932091e-04 1.117132526e-25 1.160642006e-28
2.232536664e+00 1.806298164e-01 1.814951239e-01 1.805102584e-01 1.195580580e-04 4.983993111e-24 4.608628291e-27
2.366759696e+00 1.641583543e-01 1.648710163e-01 1.640671040e-01 9.125030839e-05 1.611084451e-22 1.282684558e-25
2.509052394e+00 1.393676307e-01 1.399276006e-01 1.393027433e-01 6.488737549e-05 4.633317084e-21 3.001190741e-24
2.659899915e+00 1.387005081e-01 1.392141741e-01 1.386473419e-01 5.316624191e-05 1.127457435e-19 6.128924193e-23
2.819816587e+00 1.351675440e-01 1.356201336e-01 1.351241195e-01 4.342451422e-05 1.807016924e-18 8.439650527e-22
2.989347660e+00 1.128845491e-01 1.132366379e-01 1.128546493e-01 2.989988034e-05 2.653946150e-17 1.039774696e-20
3.169071162e+00 1.013143924e-01 1.016032904e-01 1.012923886e-01 2.200380851e-05 3.389809005e-16 1.115150246e-19
3.359599877e+00 9.860854388e-02 9.886791800e-02 9.859145859e-02 1.708528937e-05 4.168226837e-15 1.099232873e-18
3.561583429e+00 9.346536631e-02 9.369039941e-02 9.345255992e-02 1.280638259e-05 3.675094177e-14 7.987860348e-18
3.775710497e+00 7.986363610e-02 8.004224535e-02 7.985515551e-02 8.480594035e-06 3.019275541e-13 5.380175982e-17
4.002711165e+00 7.369097833e-02 7.383990485e-02 7.368508139e-02 5.896937425e-06 2.272534517e-12 3.270624623e-16
4.243359411e+00 6.939635174e-02 6.952716298e-02 6.939243652e-02 3.915206471e-06 1.548048516e-11 1.690345563e-15
4.498475745e+00 5.807521324e-02 5.817680347e-02 5.807315466e-02 2.058494384e-06 8.605689664e-11 3.816576632e-15
4.768930007e+00 5.215939643e-02 5.224379285e-02 5.215835753e-02 1.038487771e-06 4.134545228e-10 1.538675796e-15
5.055644335e+00 4.613382758e-02 4.620268697e-02 4.613344750e-02 3.779219829e-07 2.162149586e-09 3.769101340e-22
5.359596304e+00 4.306921682e-02 4.312900739e-02 4.306913471e-02 7.427592791e-08 7.834745153e-09 8.534735735e-37
5.681822265e+00 3.987600202e-02 3.992808356e-02 3.987596932e-02 1.710058870e-09 3.098918444e-08 1.385366100e-40
6.023420872e+00 3.691723609e-02 3.696175293e-02 3.691713146e-02 0.000000000e+00 1.046231488e-07 0.000000000e+00
6.385556837e+00 3.281819303e-02 3.285529551e-02 3.281788461e-02 0.000000000e+00 3.084243432e-07 0.000000000e+00
6.769464890e+00 2.930284122e-02 2.933311797e-02 2.930180290e-02 0.000000000e+00 1.038319608e-06 0.000000000e+00
7.176453999e+00 2.603028457e-02 2.605497289e-02 2.602758960e-02 0.000000000e+00 2.694977094e-06 0.000000000e+00
7.607911827e+00 2.408964606e-02 2.411174640e-02 2.408287205e-02 0.000000000e+00 6.774012084e-06 0.000000000e+00
8.065309466e+00 2.138445593e-02 2.140573999e-02 2.136456863e-02 0.000000000e+00 1.988730421e-05 0.000000000e+00
8.550206451e+00 1.949732806e-02 1.950847083e-02 1.944670559e-02 0.000000000e+00 5.062246901e-05 0.000000000e+00
9.064256079e+00 1.811782240e-02 1.807383268e-02 1.799323708e-02 0.000000000e+00 1.245853156e-04 0.000000000e+00
9.609211044e+00 1.686681097e-02 1.665105244e-02 1.656493923e-02 0.000000000e+00 3.018717395e-04 0.000000000e+00
1.018692942e+01 1.525757150e-02 1.467736035e-02 1.460975812e-02 0.000000000e+00 6.478133804e-04 0.000000000e+00
1.079938098e+01 1.387601187e-02 1.280951554e-02 1.276191782e-02 0.000000000e+00 1.114094046e-03 0.000000000e+00
1.144865393e+01 1.292676660e-02 1.114757158e-02 1.111523019e-02 0.000000000e+00 1.811536413e-03 0.000000000e+00
1.213696202e+01 1.281083595e-02 9.679145603e-03 9.657263700e-03 0.000000000e+00 3.153572254e-03 0.000000000e+00
1.286665210e+01 1.356665413e-02 8.400187882e-03 8.385519746e-03 0.000000000e+00 5.181134388e-03 0.000000000e+00
1.364021210e+01 1.542850384e-02 7.268582895e-03 7.258159997e-03 0.000000000e+00 8.170343841e-03 0.000000000e+00
1.446027954e+01 2.004470863e-02 6.387793432e-03 6.379104106e-03 0.000000000e+00 1.366560453e-02 0.000000000e+00
1.532965052e+01 3.127601728e-02 5.562781315e-03 5.554415184e-03 0.000000000e+00 2.572160210e-02 0.000000000e+00
1.625128922e+01 4.944177903e-02 4.820043717e-03 4.811692650e-03 0.000000000e+00 4.463008638e-02 0.000000000e+00
1.722833804e+01 8.143446521e-02 4.189665888e-03 4.181642678e-03 0.000000000e+00 7.725282254e-02 0.000000000e+00
1.826412832e+01 1.296863241e-01 3.628240826e-03 3.620907357e-03 0.000000000e+00 1.260654168e-01 0.000000000e+00
1.936219168e+01 1.897988486e-01 3.146012251e-03 3.139879522e-03 0.000000000e+00 1.866589690e-01 0.000000000e+00
2.052627204e+01 2.817857253e-01 2.806483231e-03 2.801522908e-03 0.000000000e+00 2.789842024e-01 0.000000000e+00
2.176033844e+01 3.742552228e-01 2.502454532e-03 2.498453707e-03 0.000000000e+00 3.717567691e-01 0.000000000e+00
2.306859853e+01 5.323888590e-01 2.205291197e-03 2.202105838e-03 0.000000000e+00 5.301867532e-01 0.000000000e+00
2.445551294e+01 7.189998677e-01 1.966506986e-03 1.963881957e-03 0.000000000e+00 7.170359857e-01 0.000000000e+00
2.592581045e+01 9.998200353e-01 1.767191430e-03 1.765040479e-03 0.000000000e+00 9.980549948e-01 0.000000000e+00
2.748450419e+01 1.331202643e+00 1.585089562e-03 1.583303750e-03 0.000000000e+00 1.329619339e+00 0.000000000e+00
2.913690863e+01 1.784741680e+00 1.370635835e-03 1.369200245e-03 0.000000000e+00 1.783372480e+00 0.000000000e+00
3.088865780e+01 2.417705483e+00 1.236437013e-03 1.235243234e-03 0.000000000e+00 2.416470240e+00 0.000000000e+00
3.274572442e+01 3.104247162e+00 1.128980785e-03 1.127963830e-03 0.000000000e+00 3.103119198e+00 0.000000000e+00
3.471444033e+01 4.013329084e+00 9.879986908e-04 9.871716328e-04 0.000000000e+00 4.012341912e+00 0.000000000e+00
3.680151802e+01 5.163631819e+00 8.741176634e-04 8.734455698e-04 0.000000000e+00 5.162758374e+00 0.000000000e+00
3.901407356e+01 6.574588667e+00 7.823430496e-04 7.817812028e-04 0.000000000e+00 6.573806886e+00 0.000000000e+00
4.135965084e+01 8.206000000e+00 7.016933531e-04 7.012410593e-04 0.000000000e+00 8.205298759e+00 0.000000000e+00
4.384624730e+01 1.016581823e+01 6.284979922e-04 6.281264170e-04 0.000000000e+00 1.016519011e+01 0.000000000e+00
4.648234121e+01 1.223555659e+01 5.471724465e-04 5.468828581e-04 0.000000000e+00 1.223500971e+01 0.000000000e+00
4.927692053e+01 1.464732848e+01 4.866486296e-04 4.864173802e-04 0.000000000e+00 1.464684206e+01 0.000000000e+00
5.223951363e+01 1.716171969e+01 4.392746095e-04 4.390862043e-04 0.000000000e+00 1.716128060e+01 0.000000000e+00
5.538022172e+01 1.986597261e+01 3.899943170e-04 3.898450665e-04 0.000000000e+00 1.986558276e+01 0.000000000e+00
5.870975330e+01 2.270169846e+01 3.421115111e-04 3.419936887e-04 0.000000000e+00 2.270135646e+01 0.000000000e+00
6.223946068e+01 2.542930660e+01 3.084785159e-04 3.083842938e-04 0.000000000e+00 2.542899822e+01 0.000000000e+00
6.598137870e+01 2.802012472e+01 2.700681659e-04 2.699952352e-04 0.000000000e+00 2.801985473e+01 0.000000000e+00
6.994826574e+01 3.061240166e+01 2.436497126e-04 2.435913779e-04 0.000000000e+00 3.061215806e+01 0.000000000e+00
7.415364723e+01 3.276544885e+01 2.179415959e-04 2.178945942e-04 0.000000000e+00 3.276523096e+01 0.000000000e+00
7.861186177e+01 3.460964731e+01 1.917765318e-04 1.917402414e-04 0.000000000e+00 3.460945557e+01 0.000000000e+00
8.333811002e+01 3.585426385e+01 1.704105648e-04 1.703819329e-04 0.000000000e+00 3.585409346e+01 0.000000000e+00
8.834850651e+01 3.672040270e+01 1.505813060e-04 1.505589915e-04 0.000000000e+00 3.672025214e+01 0.000000000e+00
9.366013462e+01 3.705769211e+01 1.344073739e-04 1.343896297e-04 0.000000000e+00 3.705755772e+01 0.000000000e+00
9.929110477e+01 3.689716442e+01 7.714878788e-05 7.713957111e-05 0.000000000e+00 3.689708728e+01 0.000000000e+00
1.052606162e+02 3.626550230e+01 0.000000000e+00 0.000000000e+00 0.000000000e+00 3.626550230e+01 0.000000000e+00
1.115890226e+02 3.517569338e+01 0.000000000e+00 0.000000000e+00 0.000000000e+00 3.517569338e+01 0.000000000e+00
1.182979010e+02 3.377901179e+01 0.000000000e+00 0.000000000e+00 0.000000000e+00 3.377901179e+01 0.000000000e+00
1.254101260e+02 3.209429080e+01 0.000000000e+00 0.000000000e+00 0.000000000e+00 3.209429080e+01 0.000000000e+00
1.329499472e+02 3.017283673e+01 0.000000000e+00 0.000000000e+00 0.000000000e+00 3.017283673e+01 0.000000000e+00
1.409430725e+02 2.812932408e+01 0.000000000e+00 0.000000000e+00 0.000000000e+00 2.812932408e+01 0.000000000e+00
1.494167549e+02 2.568390451e+01 0.000000000e+00 0.000000000e+00 0.000000000e+00 2.568390451e+01 0.000000000e+00
1.583998862e+02 2.346182553e+01 0.000000000e+00 0.000000000e+00 0.000000000e+00 2.346182553e+01 0.000000000e+00
1.679230951e+02 2.112217679e+01 0.000000000e+00 0.000000000e+00 0.000000000e+00 2.112217679e+01 0.000000000e+00
1.780188519e+02 1.881860986e+01 0.000000000e+00 0.000000000e+00 0.000000000e+00 1.881860986e+01 0.000000000e+00
1.887215788e+02 1.671948416e+01 0.000000000e+00 0.000000000e+00 0.000000000e+00 1.671948416e+01 0.000000000e+00
2.000677676e+02 1.473621951e+01 0.000000000e+00 0.000000000e+00 0.000000000e+00 1.473621951e+01 0.000000000e+00
2.120961043e+02 1.293433892e+01 0.000000000e+00 0.000000000e+00 0.000000000e+00 1.293433892e+01 0.000000000e+00
2.248476003e+02 1.125766768e+01 0.000000000e+00 0.000000000e+00 0.000000000e+00 1.125766768e+01 0.000000000e+00
2.383657330e+02 9.758454992e+00 0.000000000e+00 0.000000000e+00 0.000000000e+00 9.758454992e+00 0.000000000e+00
2.526965935e+02 8.409099178e+00 0.000000000e+00 0.000000000e+00 0.000000000e+00 8.409099178e+00 0.000000000e+00
2.678890442e+02 7.154196000e+00 0.000000000e+00 0.000000000e+00 0.000000000e+00 7.154196000e+00 0.000000000e+00
2.839948849e+02 6.085197927e+00 0.000000000e+00 0.000000000e+00 0.000000000e+00 6.085197927e+00 0.000000000e+00
3.010690299e+02 5.142763110e+00 0.000000000e+00 0.000000000e+00 0.000000000e+00 5.142763110e+00 0.000000000e+00
3.191696949e+02 4.350402696e+00 0.000000000e+00 0.000000000e+00 0.000000000e+00 4.350402696e+00 0.000000000e+00
3.383585957e+02 3.623033533e+00 0.000000000e+00 0.000000000e+00 0.000000000e+00 3.623033533e+00 0.000000000e+00
3.587011583e+02 3.067169955e+00 0.000000000e+00 0.000000000e+00 0.000000000e+00 3.067169955e+00 0.000000000e+00
3.802667425e+02 2.546222531e+00 0.000000000e+00 0.000000000e+00 0.000000000e+00 2.546222531e+00 0.000000000e+00
4.031288779e+02 2.087741876e+00 0.000000000e+00 0.000000000e+00 0.000000000e+00 2.087741876e+00 0.000000000e+00
4.273655148e+02 1.757788558e+00 0.000000000e+00 0.000000000e+00 0.000000000e+00 1.757788558e+00 0.000000000e+00
4.530592901e+02 1.448957637e+00 0.000000000e+00 0.000000000e+00 0.000000000e+00 1.448957637e+00 0.000000000e+00
4.802978090e+02 1.193708337e+00 0.000000000e+00 0.000000000e+00 0.000000000e+00 1.193708337e+00 0.000000000e+00
5.091739433e+02 9.800684229e-01 0.000000000e+00 0.000000000e+00 0.000000000e+00 9.800684229e-01 0.000000000e+00
5.397861487e+02 8.093866608e-01 0.000000000e+00 0.000000000e+00 0.000000000e+00 8.093866608e-01 0.000000000e+00
5.722388000e+02 6.575768527e-01 0.000000000e+00 0.000000000e+00 0.000000000e+00 6.575768527e-01 0.000000000e+00
6.066425473e+02 5.372250148e-01 0.000000000e+00 0.000000000e+00 0.000000000e+00 5.372250148e-01 0.000000000e+00
6.431146930e+02 4.489327816e-01 0.000000000e+00 0.000000000e+00 0.000000000e+00 4.489327816e-01 0.000000000e+00
6.817795920e+02 3.646874091e-01 0.000000000e+00 0.000000000e+00 0.000000000e+00 3.646874091e-01 0.000000000e+00
7.227690754e+02 2.946355297e-01 0.000000000e+00 0.000000000e+00 0.000000000e+00 2.946355297e-01 0.000000000e+00
7.662229003e+02 2.397282729e-01 0.000000000e+00 0.000000000e+00 0.000000000e+00 2.397282729e-01 0.000000000e+00
8.122892262e+02 1.919065387e-01 0.000000000e+00 0.000000000e+00 0.000000000e+00 1.919065387e-01 0.000000000e+00
8.611251200e+02 1.571482362e-01 0.000000000e+00 0.000000000e+00 0.000000000e+00 1.571482362e-01 0.000000000e+00
9.128970918e+02 1.268173067e-01 0.000000000e+00 0.000000000e+00 0.000000000e+00 1.268173067e-01 0.000000000e+00
9.677816625e+02 1.033547845e-01 0.000000000e+00 0.000000000e+00 0.000000000e+00 1.033547845e-01 0.000000000e+00
1.025965966e+03 8.735103875e-02 0.000000000e+00 0.000000000e+00 0.000000000e+00 8.735103875e-02 0.000000000e+00
1.087648385e+03 7.885781761e-02 0.000000000e+00 0.000000000e+00 0.000000000e+00 7.885781761e-02 0.000000000e+00
1.153039233e+03 7.072342189e-02 0.000000000e+00 0.000000000e+00 0.000000000e+00 7.072342189e-02 0.000000000e+00
1.222361464e+03 6.312587278e-02 0.000000000e+00 0.000000000e+00 0.000000000e+00 6.312587278e-02 0.000000000e+00
1.295851439e+03 5.697828485e-02 0.000000000e+00 0.000000000e+00 0.000000000e+00 5.697828485e-02 0.000000000e+00
1.373759727e+03 5.218001140e-02 0.000000000e+00 0.000000000e+00 0.000000000e+00 5.218001140e-02 0.000000000e+00
1.456351964e+03 4.640737874e-02 0.000000000e+00 0.000000000e+00 0.000000000e+00 4.640737874e-02 0.000000000e+00
1.543909754e+03 4.238262179e-02 0.000000000e+00 0.000000000e+00 0.000000000e+00 4.238262179e-02 0.000000000e+00
1.636731634e+03 3.763562985e-02 0.000000000e+00 0.000000000e+00 0.000000000e+00 3.763562985e-02 0.000000000e+00
1.735134087e+03 3.383578006e-02 0.000000000e+00 0.000000000e+00 0.000000000e+00 3.383578006e-02 0.000000000e+00
1.839452624e+03 3.077291732e-02 0.000000000e+00 0.000000000e+00 0.000000000e+00 3.077291732e-02 0.000000000e+00
1.950042929e+03 2.732666850e-02 0.000000000e+00 0.000000000e+00 0.000000000e+00 2.732666850e-02 0.000000000e+00
2.067282068e+03 2.431335316e-02 0.000000000e+00 0.000000000e+00 0.000000000e+00 2.431335316e-02 0.000000000e+00
2.191569778e+03 2.189505435e-02 0.000000000e+00 0.000000000e+00 0.000000000e+00 2.189505435e-02 0.000000000e+00
2.323329827e+03 1.984781557e-02 0.000000000e+00 0.000000000e+00 0.000000000e+00 1.984781557e-02 0.000000000e+00
2.463011464e+03 1.741893648e-02 0.000000000e+00 0.000000000e+00 0.000000000e+00 1.741893648e-02 0.000000000e+00
2.611090944e+03 1.579371097e-02 0.000000000e+00 0.000000000e+00 0.000000000e+00 1.579371097e-02 0.000000000e+00
2.768073157e+03 1.401329962e-02 0.000000000e+00 0.000000000e+00 0.000000000e+00 1.401329962e-02 0.000000000e+00
2.934493346e+03 1.262813788e-02 0.000000000e+00 0.000000000e+00 0.000000000e+00 1.262813788e-02 0.000000000e+00
3.110918936e+03 1.131793676e-02 0.000000000e+00 0.000000000e+00 0.000000000e+00 1.131793676e-02 0.000000000e+00
3.297951463e+03 1.018903480e-02 0.000000000e+00 0.000000000e+00 0.000000000e+00 1.018903480e-02 0.000000000e+00
3.496228631e+03 9.081161510e-03 0.000000000e+00 0.000000000e+00 0.000000000e+00 9.081161510e-03 0.000000000e+00
3.706426483e+03 8.086281183e-03 0.000000000e+00 0.000000000e+00 0.000000000e+00 8.086281183e-03 0.000000000e+00
3.929261705e+03 7.232901062e-03 0.000000000e+00 0.000000000e+00 0.000000000e+00 7.232901062e-03 0.000000000e+00
4.165494073e+03 6.498547653e-03 0.000000000e+00 0.000000000e+00 0.000000000e+00 6.498547653e-03 0.000000000e+00
4.415929040e+03 5.728710435e-03 0.000000000e+00 0.000000000e+00 0.000000000e+00 5.728710435e-03 0.000000000e+00
4.681420487e+03 5.078488457e-03 0.000000000e+00 0.000000000e+00 0.000000000e+00 5.078488457e-03 0.000000000e+00
4.962873628e+03 4.569321871e-03 0.000000000e+00 0.000000000e+00 0.000000000e+00 4.569321871e-03 0.000000000e+00
5.261248100e+03 4.100886587e-03 0.000000000e+00 0.000000000e+00 0.000000000e+00 4.100886587e-03 0.000000000e+00
5.577561237e+03 3.699647734e-03 0.000000000e+00 0.000000000e+00 0.000000000e+00 3.699647734e-03 0.000000000e+00
5.912891535e+03 3.266139475e-03 0.000000000e+00 0.000000000e+00 0.000000000e+00 3.266139475e-03 0.000000000e+00
6.268382331e+03 2.918795255e-03 0.000000000e+00 0.000000000e+00 0.000000000e+00 2.918795255e-03 0.000000000e+00
6.645245699e+03 2.591578808e-03 0.000000000e+00 0.000000000e+00 0.000000000e+00 2.591578808e-03 0.000000000e+00
7.044766588e+03 2.335703256e-03 0.000000000e+00 0.000000000e+00 0.000000000e+00 2.335703256e-03 0.000000000e+00
7.468307196e+03 2.078310095e-03 0.000000000e+00 0.000000000e+00 0.000000000e+00 2.078310095e-03 0.000000000e+00
7.917311621e+03 1.851725177e-03 0.000000000e+00 0.000000000e+00 0.000000000e+00 1.851725177e-03 0.000000000e+00
8.393310782e+03 1.645438183e-03 0.000000000e+00 0.000000000e+00 0.000000000e+00 1.645438183e-03 0.000000000e+00
8.897927636e+03 1.453263138e-03 0.000000000e+00 0.000000000e+00 0.000000000e+00 1.453263138e-03 0.000000000e+00
9.432882717e+03 1.313305430e-03 0.000000000e+00 0.000000000e+00 0.000000000e+00 1.313305430e-03 0.000000000e+00
1.000000000e+04 1.049871562e-03 0.000000000e+00 0.000000000e+00 0.000000000e+00 1.049871562e-03 0.000000000e+00
