# column 1: wavelength (micron)
# column 2: total flux; F_nu (Jy)
# column 3: transparent flux; F_nu (Jy)
# column 4: direct primary flux; F_nu (Jy)
# column 5: scattered primary flux; F_nu (Jy)
# column 6: direct secondary flux; F_nu (Jy)
# column 7: scattered secondary flux; F_nu (Jy)
9.000000000e-02 1.382379745e-02 3.385823691e-02 1.114824745e-02 2.675550006e-03 0.000000000e+00 0.000000000e+00
9.541091806e-02 7.900148434e-02 1.754469130e-01 6.376890123e-02 1.523258311e-02 0.000000000e+00 0.000000000e+00
1.011471476e-01 1.118205987e-01 2.089534681e-01 9.097326305e-02 2.084733564e-02 0.000000000e+00 0.000000000e+00
1.072282468e-01 1.494365075e-01 2.372787536e-01 1.237542315e-01 2.568227597e-02 0.000000000e+00 0.000000000e+00
1.136749497e-01 1.655571899e-01 2.384305856e-01 1.392788860e-01 2.627830389e-02 0.000000000e+00 0.000000000e+00
1.205092367e-01 1.422798131e-01 1.988158386e-01 1.190563961e-01 2.322341706e-02 0.000000000e+00 0.000000000e+00
1.277544101e-01 1.739600037e-01 2.297520136e-01 1.485157756e-01 2.544422815e-02 0.000000000e+00 0.000000000e+00
1.354351729e-01 1.826155444e-01 2.341599270e-01 1.579405851e-01 2.467495931e-02 0.000000000e+00 0.000000000e+00
1.435777131e-01 1.795559459e-01 2.248381179e-01 1.563465354e-01 2.320941051e-02 0.000000000e+00 0.000000000e+00
1.522097936e-01 1.755395823e-01 2.166582873e-01 1.541992333e-01 2.134034904e-02 0.000000000e+00 0.000000000e+00
1.613608460e-01 1.716597225e-01 2.107079234e-01 1.518770865e-01 1.978263596e-02 0.000000000e+00 0.000000000e+00
1.710620718e-01 1.685282547e-01 2.070085968e-01 1.480727999e-01 2.045545478e-02 0.000000000e+00 0.000000000e+00
1.813465479e-01 1.632216112e-01 2.031494224e-01 1.422094904e-01 2.101212072e-02 0.000000000e+00 0.000000000e+00
1.922493402e-01 1.535889807e-01 1.971490883e-01 1.324142152e-01 2.117476551e-02 0.000000000e+00 0.000000000e+00
2.038076228e-01 1.415367362e-01 1.892741139e-01 1.209024426e-01 2.063429368e-02 0.000000000e+00 0.000000000e+00
2.160608044e-01 1.399452047e-01 1.875820320e-01 1.184189752e-01 2.152622952e-02 0.000000000e+00 0.000000000e+00
2.290506634e-01 1.405402432e-01 1.773451572e-01 1.178578648e-01 2.268237839e-02 0.000000000e+00 0.000000000e+00
2.428214897e-01 1.427842833e-01 1.701713171e-01 1.192431173e-01 2.354116597e-02 0.000000000e+00 0.000000000e+00
2.574202362e-01 1.454439908e-01 1.675185088e-01 1.222574269e-01 2.318656384e-02 0.000000000e+00 0.000000000e+00
2.728966785e-01 1.473002077e-01 1.661262181e-01 1.244062829e-01 2.289392480e-02 0.000000000e+00 0.000000000e+00
2.893035848e-01 1.508406531e-01 1.679226598e-01 1.288773876e-01 2.196326551e-02 0.000000000e+00 0.000000000e+00
3.066968958e-01 1.533251030e-01 1.687235268e-01 1.324599800e-01 2.086512296e-02 0.000000000e+00 0.000000000e+00
3.251359155e-01 1.540522436e-01 1.682954894e-01 1.342161310e-01 1.983611264e-02 0.000000000e+00 0.000000000e+00
3.446835132e-01 1.562646439e-01 1.696166210e-01 1.370795199e-01 1.918512392e-02 0.000000000e+00 0.000000000e+00
3.654063382e-01 1.656211618e-01 1.785343623e-01 1.466579403e-01 1.896322154e-02 0.000000000e+00 0.000000000e+00
3.873750465e-01 2.557342120e-01 2.727693527e-01 2.305501985e-01 2.518401351e-02 0.000000000e+00 0.000000000e+00
4.106645425e-01 3.101544968e-01 3.286402525e-01 2.823704175e-01 2.778407927e-02 0.000000000e+00 0.000000000e+00
4.353542335e-01 3.021841194e-01 3.194795520e-01 2.763057979e-01 2.587832149e-02 0.000000000e+00 0.000000000e+00
4.615283011e-01 3.173731543e-01 3.343337662e-01 2.909633009e-01 2.640985348e-02 0.000000000e+00 0.000000000e+00
4.892759879e-01 3.027009926e-01 3.180738769e-01 2.782300462e-01 2.447094638e-02 0.000000000e+00 0.000000000e+00
5.186919022e-01 3.068537019e-01 3.215430479e-01 2.834677051e-01 2.338599681e-02 0.000000000e+00 0.000000000e+00
5.498763397e-01 3.098284202e-01 3.236475055e-01 2.871729014e-01 2.265551881e-02 0.000000000e+00 0.000000000e+00
5.829356266e-01 3.130818145e-01 3.264248348e-01 2.913064206e-01 2.177539396e-02 0.000000000e+00 0.000000000e+00
6.179824811e-01 3.171301861e-01 3.299897371e-01 2.958844777e-01 2.124570836e-02 0.000000000e+00 0.000000000e+00
6.551363985e-01 3.134143265e-01 3.253605099e-01 2.930610181e-01 2.035330839e-02 0.000000000e+00 0.000000000e+00
6.945240582e-01 3.182839290e-01 3.299240615e-01 2.988348666e-01 1.944906238e-02 0.000000000e+00 0.000000000e+00
7.362797556e-01 3.189304215e-01 3.298093390e-01 3.006357825e-01 1.829463893e-02 0.000000000e+00 0.000000000e+00
7.805458603e-01 3.193405471e-01 3.294844386e-01 3.019740539e-01 1.736649318e-02 0.000000000e+00 0.000000000e+00
8.274733014e-01 3.157880292e-01 3.250972331e-01 2.992753968e-01 1.651263243e-02 0.000000000e+00 0.000000000e+00
8.772220817e-01 3.181055401e-01 3.272120067e-01 3.024553717e-01 1.565016836e-02 0.000000000e+00 0.000000000e+00
9.299618239e-01 3.183668866e-01 3.269886353e-01 3.038009065e-01 1.456598005e-02 0.000000000e+00 0.000000000e+00
9.858723487e-01 3.134222601e-01 3.212136305e-01 3.001287611e-01 1.329349902e-02 1.672836244e-56 2.374587344e-57
1.045144288e+00 3.010111595e-01 3.080729294e-01 2.892756306e-01 1.173552891e-02 4.572374512e-53 6.339976551e-54
1.107979733e+00 2.860906989e-01 2.925321947e-01 2.757564866e-01 1.033421229e-02 8.459509313e-50 1.132743032e-50
1.174592928e+00 2.778068319e-01 2.837871424e-01 2.684570397e-01 9.349792229e-03 9.890819132e-47 1.182047484e-47
1.245210996e+00 2.672887383e-01 2.726602640e-01 2.590971497e-01 8.191588557e-03 8.027900984e-44 8.332722488e-45
1.320074714e+00 2.652583630e-01 2.702111856e-01 2.579799007e-01 7.278462324e-03 4.497342003e-41 4.303985845e-42
1.399439338e+00 2.600556274e-01 2.645849969e-01 2.537160896e-01 6.339537783e-03 1.556444248e-38 1.341142039e-39
1.483575466e+00 2.559912392e-01 2.601851453e-01 2.504832162e-01 5.508022957e-03 4.435254633e-36 3.470518877e-37
1.572769969e+00 2.592700176e-01 2.633378855e-01 2.542199182e-01 5.050099454e-03 7.885619068e-34 5.631395778e-35
1.667326963e+00 2.592918074e-01 2.630914155e-01 2.548609553e-01 4.430852084e-03 1.113627377e-31 7.081568184e-33
1.767568847e+00 2.465360685e-01 2.499623307e-01 2.428302375e-01 3.705831038e-03 1.192427302e-29 6.544153146e-31
1.873837405e+00 2.252170403e-01 2.280873399e-01 2.222774486e-01 2.939591775e-03 9.421921695e-28 4.458231986e-29
1.986494968e+00 2.134440884e-01 2.159762550e-01 2.109940196e-01 2.450068813e-03 5.982100283e-26 2.420648547e-27
2.105925651e+00 1.983470658e-01 2.005602454e-01 1.963925643e-01 1.954501485e-03 2.793767839e-24 9.925765887e-26
2.232536664e+00 1.795727120e-01 1.814003416e-01 1.780255381e-01 1.547173859e-03 1.081259017e-22 3.276412665e-24
2.366759696e+00 1.623751424e-01 1.639354227e-01 1.611793870e-01 1.195755382e-03 3.314596045e-21 8.645821813e-23
2.509052394e+00 1.398090025e-01 1.410177856e-01 1.389177056e-01 8.912968341e-04 8.294030910e-20 1.844684879e-21
2.659899915e+00 1.370030989e-01 1.381202673e-01 1.362930412e-01 7.100576992e-04 1.773946632e-18 3.331573148e-20
2.819816587e+00 1.335765825e-01 1.345749879e-01 1.329830239e-01 5.935585891e-04 2.982944792e-17 4.718257314e-19
2.989347660e+00 1.115043509e-01 1.122477887e-01 1.110905045e-01 4.138464250e-04 4.324793312e-16 5.706024543e-18
3.169071162e+00 1.007126207e-01 1.013299524e-01 1.003994055e-01 3.132152053e-04 5.155481312e-15 5.681569099e-17
3.359599877e+00 9.844215255e-02 9.899027883e-02 9.819082253e-02 2.513300195e-04 5.380667733e-14 4.872925480e-16
3.561583429e+00 9.426201832e-02 9.473933842e-02 9.406360773e-02 1.984105945e-04 5.059959562e-13 3.760678774e-15
3.775710497e+00 7.974397213e-02 8.011611463e-02 7.960719447e-02 1.367776547e-04 3.831180446e-12 2.341097131e-14
4.002711165e+00 7.263871585e-02 7.294818354e-02 7.253714978e-02 1.015660397e-04 2.781914177e-11 1.383409563e-13
4.243359411e+00 6.842876549e-02 6.869221472e-02 6.835154079e-02 7.722454219e-05 1.577873506e-10 6.400601503e-13
4.498475745e+00 5.816173865e-02 5.836285421e-02 5.810900838e-02 5.272938679e-05 8.734231333e-10 2.845280117e-12
4.768930007e+00 5.257075791e-02 5.273680356e-02 5.253266014e-02 3.809339190e-05 4.361942907e-09 1.143253280e-11
5.055644335e+00 4.656311835e-02 4.669571008e-02 4.653610492e-02 2.699405228e-05 1.933636350e-08 4.040272117e-11
5.359596304e+00 4.272190473e-02 4.283421853e-02 4.270255691e-02 1.927124003e-05 7.645161320e-08 1.275668184e-10
5.681822265e+00 4.006839162e-02 4.016499618e-02 4.005381330e-02 1.430545731e-05 2.725055315e-07 3.612896065e-10
6.023420872e+00 3.659908147e-02 3.668010306e-02 3.658805424e-02 1.014150279e-05 8.847991648e-07 9.241016342e-10
6.385556837e+00 3.255783656e-02 3.262165071e-02 3.254800194e-02 6.961669778e-06 2.870605986e-06 2.345715870e-09
6.769464890e+00 2.884876562e-02 2.889541319e-02 2.883625509e-02 4.646436255e-06 7.859020606e-06 5.075636152e-09
7.176453999e+00 2.620533295e-02 2.623044958e-02 2.618083788e-02 3.031477191e-06 2.145284679e-05 1.074834207e-08
7.607911827e+00 2.427220757e-02 2.426556504e-02 2.421788164e-02 1.890554764e-06 5.241494445e-05 2.043420489e-08
8.065309466e+00 2.158401361e-02 2.151138796e-02 2.145450195e-02 1.081353593e-06 1.283913465e-04 3.895447367e-08
8.550206451e+00 1.970874802e-02 1.947019487e-02 1.939320516e-02 6.136862959e-07 3.148502037e-04 7.896813336e-08
9.064256079e+00 1.872597610e-02 1.800427469e-02 1.790869398e-02 4.004004815e-07 8.167020256e-04 1.796893283e-07
9.609211044e+00 1.821869796e-02 1.647829230e-02 1.638003165e-02 2.736289007e-07 1.838029820e-03 3.628628407e-07
1.018692942e+01 1.836739702e-02 1.467283357e-02 1.459502685e-02 1.694669302e-07 3.771573422e-03 6.272825880e-07
1.079938098e+01 1.926771404e-02 1.284363494e-02 1.278742617e-02 1.095539522e-07 6.479317886e-03 8.604317186e-07
1.144865393e+01 2.250824725e-02 1.112650040e-02 1.108843853e-02 6.348344477e-08 1.141895599e-02 7.892457572e-07
1.213696202e+01 2.793267506e-02 9.726256581e-03 9.699835743e-03 2.499767503e-08 1.823269899e-02 1.153282697e-07
1.286665210e+01 3.750555478e-02 8.479476418e-03 8.461487646e-03 7.210594899e-09 2.904405984e-02 8.632000332e-11
1.364021210e+01 5.164410589e-02 7.377973453e-03 7.365055609e-03 1.621264651e-10 4.427905012e-02 1.803575146e-15
1.446027954e+01 7.825174938e-02 6.353688156e-03 6.343246705e-03 0.000000000e+00 7.190850267e-02 0.000000000e+00
1.532965052e+01 1.249287555e-01 5.570508577e-03 5.560607601e-03 0.000000000e+00 1.193681479e-01 0.000000000e+00
1.625128922e+01 2.083808094e-01 4.779514675e-03 4.769880446e-03 0.000000000e+00 2.036109289e-01 0.000000000e+00
1.722833804e+01 3.419078131e-01 4.177186866e-03 4.167771172e-03 0.000000000e+00 3.377400419e-01 0.000000000e+00
1.826412832e+01 5.408244242e-01 3.597178177e-03 3.588811506e-03 0.000000000e+00 5.372356127e-01 0.000000000e+00
1.936219168e+01 7.735994492e-01 3.143219750e-03 3.136201292e-03 0.000000000e+00 7.704632479e-01 0.000000000e+00
2.052627204e+01 1.053040275e+00 2.754596783e-03 2.749011711e-03 0.000000000e+00 1.050291263e+00 0.000000000e+00
2.176033844e+01 1.398644641e+00 2.485028420e-03 2.480530020e-03 0.000000000e+00 1.396164111e+00 0.000000000e+00
2.306859853e+01 1.833664486e+00 2.204102134e-03 2.200425066e-03 0.000000000e+00 1.831464061e+00 0.000000000e+00
2.445551294e+01 2.384677553e+00 1.944327245e-03 1.941371103e-03 0.000000000e+00 2.382736181e+00 0.000000000e+00
2.592581045e+01 3.099920100e+00 1.738846444e-03 1.736399729e-03 0.000000000e+00 3.098183700e+00 0.000000000e+00
2.748450419e+01 3.894527925e+00 1.546192232e-03 1.544162684e-03 0.000000000e+00 3.892983763e+00 0.000000000e+00
2.913690863e+01 4.840841000e+00 1.398206507e-03 1.396507821e-03 0.000000000e+00 4.839444493e+00 0.000000000e+00
3.088865780e+01 6.018963884e+00 1.248325402e-03 1.246928016e-03 0.000000000e+00 6.017716956e+00 0.000000000e+00
3.274572442e+01 7.284435128e+00 1.109916496e-03 1.108765613e-03 0.000000000e+00 7.283326363e+00 0.000000000e+00
3.471444033e+01 8.733287681e+00 9.826173279e-04 9.816541303e-04 0.000000000e+00 8.732306027e+00 0.000000000e+00
3.680151802e+01 1.028356972e+01 8.883331254e-04 8.875307360e-04 0.000000000e+00 1.028268219e+01 0.000000000e+00
3.901407356e+01 1.197569163e+01 7.732544164e-04 7.726126418e-04 0.000000000e+00 1.197491902e+01 0.000000000e+00
4.135965084e+01 1.360204980e+01 6.894840429e-04 6.889632056e-04 0.000000000e+00 1.360136084e+01 0.000000000e+00
4.384624730e+01 1.525568015e+01 6.187776498e-04 6.183503368e-04 0.000000000e+00 1.525506180e+01 0.000000000e+00
4.648234121e+01 1.697538123e+01 5.475126354e-04 5.471741247e-04 0.000000000e+00 1.697483406e+01 0.000000000e+00
4.927692053e+01 1.853334263e+01 4.908109324e-04 4.905375953e-04 0.000000000e+00 1.853285209e+01 0.000000000e+00
5.223951363e+01 1.981466536e+01 4.384319786e-04 4.382114811e-04 0.000000000e+00 1.981422715e+01 0.000000000e+00
5.538022172e+01 2.130982113e+01 3.843727824e-04 3.842018019e-04 0.000000000e+00 2.130943693e+01 0.000000000e+00
5.870975330e+01 2.249637852e+01 3.442567891e-04 3.441202456e-04 0.000000000e+00 2.249603440e+01 0.000000000e+00
6.223946068e+01 2.360797262e+01 3.058278457e-04 3.057187074e-04 0.000000000e+00 2.360766690e+01 0.000000000e+00
6.598137870e+01 2.443144068e+01 2.744762837e-04 2.743903633e-04 0.000000000e+00 2.443116629e+01 0.000000000e+00
6.994826574e+01 2.497630825e+01 2.430427340e-04 2.429764897e-04 0.000000000e+00 2.497606528e+01 0.000000000e+00
7.415364723e+01 2.536331517e+01 2.163819449e-04 2.163293554e-04 0.000000000e+00 2.536309884e+01 0.000000000e+00
7.861186177e+01 2.565934997e+01 1.922406246e-04 1.921994084e-04 0.000000000e+00 2.565915777e+01 0.000000000e+00
8.333811002e+01 2.572412353e+01 1.707396980e-04 1.707074116e-04 0.000000000e+00 2.572395282e+01 0.000000000e+00
8.834850651e+01 2.534844426e+01 1.526568308e-04 1.526313695e-04 0.000000000e+00 2.534829163e+01 0.000000000e+00
9.366013462e+01 2.515281951e+01 1.338241605e-04 1.338046173e-04 0.000000000e+00 2.515268570e+01 0.000000000e+00
9.929110477e+01 2.447052103e+01 7.687268379e-05 7.686249974e-05 0.000000000e+00 2.447044417e+01 0.000000000e+00
1.052606162e+02 2.374884936e+01 0.000000000e+00 0.000000000e+00 0.000000000e+00 2.374884936e+01 0.000000000e+00
1.115890226e+02 2.267651238e+01 0.000000000e+00 0.000000000e+00 0.000000000e+00 2.267651238e+01 0.000000000e+00
1.182979010e+02 2.184068282e+01 0.000000000e+00 0.000000000e+00 0.000000000e+00 2.184068282e+01 0.000000000e+00
1.254101260e+02 2.079625610e+01 0.000000000e+00 0.000000000e+00 0.000000000e+00 2.079625610e+01 0.000000000e+00
1.329499472e+02 1.979495372e+01 0.000000000e+00 0.000000000e+00 0.000000000e+00 1.979495372e+01 0.000000000e+00
1.409430725e+02 1.863110800e+01 0.000000000e+00 0.000000000e+00 0.000000000e+00 1.863110800e+01 0.000000000e+00
1.494167549e+02 1.702829632e+01 0.000000000e+00 0.000000000e+00 0.000000000e+00 1.702829632e+01 0.000000000e+00
1.583998862e+02 1.543031183e+01 0.000000000e+00 0.000000000e+00 0.000000000e+00 1.543031183e+01 0.000000000e+00
1.679230951e+02 1.387526960e+01 0.000000000e+00 0.000000000e+00 0.000000000e+00 1.387526960e+01 0.000000000e+00
1.780188519e+02 1.253880707e+01 0.000000000e+00 0.000000000e+00 0.000000000e+00 1.253880707e+01 0.000000000e+00
1.887215788e+02 1.116267004e+01 0.000000000e+00 0.000000000e+00 0.000000000e+00 1.116267004e+01 0.000000000e+00
2.000677676e+02 9.890784366e+00 0.000000000e+00 0.000000000e+00 0.000000000e+00 9.890784366e+00 0.000000000e+00
2.120961043e+02 8.727300361e+00 0.000000000e+00 0.000000000e+00 0.000000000e+00 8.727300361e+00 0.000000000e+00
2.248476003e+02 7.640363248e+00 0.000000000e+00 0.000000000e+00 0.000000000e+00 7.640363248e+00 0.000000000e+00
2.383657330e+02 6.712329729e+00 0.000000000e+00 0.000000000e+00 0.000000000e+00 6.712329729e+00 0.000000000e+00
2.526965935e+02 5.874525243e+00 0.000000000e+00 0.000000000e+00 0.000000000e+00 5.874525243e+00 0.000000000e+00
2.678890442e+02 4.990741421e+00 0.000000000e+00 0.000000000e+00 0.000000000e+00 4.990741421e+00 0.000000000e+00
2.839948849e+02 4.328222878e+00 0.000000000e+00 0.000000000e+00 0.000000000e+00 4.328222878e+00 0.000000000e+00
3.010690299e+02 3.672640741e+00 0.000000000e+00 0.000000000e+00 0.000000000e+00 3.672640741e+00 0.000000000e+00
3.191696949e+02 3.140912696e+00 0.000000000e+00 0.000000000e+00 0.000000000e+00 3.140912696e+00 0.000000000e+00
3.383585957e+02 2.670836149e+00 0.000000000e+00 0.000000000e+00 0.000000000e+00 2.670836149e+00 0.000000000e+00
3.587011583e+02 2.276318599e+00 0.000000000e+00 0.000000000e+00 0.000000000e+00 2.276318599e+00 0.000000000e+00
3.802667425e+02 1.895423289e+00 0.000000000e+00 0.000000000e+00 0.000000000e+00 1.895423289e+00 0.000000000e+00
4.031288779e+02 1.584488465e+00 0.000000000e+00 0.000000000e+00 0.000000000e+00 1.584488465e+00 0.000000000e+00
4.273655148e+02 1.335504013e+00 0.000000000e+00 0.000000000e+00 0.000000000e+00 1.335504013e+00 0.000000000e+00
4.530592901e+02 1.121608487e+00 0.000000000e+00 0.000000000e+00 0.000000000e+00 1.121608487e+00 0.000000000e+00
4.802978090e+02 9.252305040e-01 0.000000000e+00 0.000000000e+00 0.000000000e+00 9.252305040e-01 0.000000000e+00
5.091739433e+02 7.561888617e-01 0.000000000e+00 0.000000000e+00 0.000000000e+00 7.561888617e-01 0.000000000e+00
5.397861487e+02 6.355245923e-01 0.000000000e+00 0.000000000e+00 0.000000000e+00 6.355245923e-01 0.000000000e+00
5.722388000e+02 5.183146902e-01 0.000000000e+00 0.000000000e+00 0.000000000e+00 5.183146902e-01 0.000000000e+00
6.066425473e+02 4.316100001e-01 0.000000000e+00 0.000000000e+00 0.000000000e+00 4.316100001e-01 0.000000000e+00
6.431146930e+02 3.505484010e-01 0.000000000e+00 0.000000000e+00 0.000000000e+00 3.505484010e-01 0.000000000e+00
6.817795920e+02 2.888613468e-01 0.000000000e+00 0.000000000e+00 0.000000000e+00 2.888613468e-01 0.000000000e+00
7.227690754e+02 2.354026129e-01 0.000000000e+00 0.000000000e+00 0.000000000e+00 2.354026129e-01 0.000000000e+00
7.662229003e+02 1.920401184e-01 0.000000000e+00 0.000000000e+00 0.000000000e+00 1.920401184e-01 0.000000000e+00
8.122892262e+02 1.585535730e-01 0.000000000e+00 0.000000000e+00 0.000000000e+00 1.585535730e-01 0.000000000e+00
8.611251200e+02 1.299467141e-01 0.000000000e+00 0.000000000e+00 0.000000000e+00 1.299467141e-01 0.000000000e+00
9.128970918e+02 1.054157858e-01 0.000000000e+00 0.000000000e+00 0.000000000e+00 1.054157858e-01 0.000000000e+00
9.677816625e+02 8.612691919e-02 0.000000000e+00 0.000000000e+00 0.000000000e+00 8.612691919e-02 0.000000000e+00
1.025965966e+03 7.337290373e-02 0.000000000e+00 0.000000000e+00 0.000000000e+00 7.337290373e-02 0.000000000e+00
1.087648385e+03 6.644638866e-02 0.000000000e+00 0.000000000e+00 0.000000000e+00 6.644638866e-02 0.000000000e+00
1.153039233e+03 6.029653539e-02 0.000000000e+00 0.000000000e+00 0.000000000e+00 6.029653539e-02 0.000000000e+00
1.222361464e+03 5.476486567e-02 0.000000000e+00 0.000000000e+00 0.000000000e+00 5.476486567e-02 0.000000000e+00
1.295851439e+03 4.832365118e-02 0.000000000e+00 0.000000000e+00 0.000000000e+00 4.832365118e-02 0.000000000e+00
1.373759727e+03 4.416995383e-02 0.000000000e+00 0.000000000e+00 0.000000000e+00 4.416995383e-02 0.000000000e+00
1.456351964e+03 3.938980570e-02 0.000000000e+00 0.000000000e+00 0.000000000e+00 3.938980570e-02 0.000000000e+00
1.543909754e+03 3.568722930e-02 0.000000000e+00 0.000000000e+00 0.000000000e+00 3.568722930e-02 0.000000000e+00
1.636731634e+03 3.230180354e-02 0.000000000e+00 0.000000000e+00 0.000000000e+00 3.230180354e-02 0.000000000e+00
1.735134087e+03 2.894405395e-02 0.000000000e+00 0.000000000e+00 0.000000000e+00 2.894405395e-02 0.000000000e+00
1.839452624e+03 2.604412756e-02 0.000000000e+00 0.000000000e+00 0.000000000e+00 2.604412756e-02 0.000000000e+00
1.950042929e+03 2.356263776e-02 0.000000000e+00 0.000000000e+00 0.000000000e+00 2.356263776e-02 0.000000000e+00
2.067282068e+03 2.099908652e-02 0.000000000e+00 0.000000000e+00 0.000000000e+00 2.099908652e-02 0.000000000e+00
2.191569778e+03 1.912266904e-02 0.000000000e+00 0.000000000e+00 0.000000000e+00 1.912266904e-02 0.000000000e+00
2.323329827e+03 1.704740909e-02 0.000000000e+00 0.000000000e+00 0.000000000e+00 1.704740909e-02 0.000000000e+00
2.463011464e+03 1.527223686e-02 0.000000000e+00 0.000000000e+00 0.000000000e+00 1.527223686e-02 0.000000000e+00
2.611090944e+03 1.373905538e-02 0.000000000e+00 0.000000000e+00 0.000000000e+00 1.373905538e-02 0.000000000e+00
2.768073157e+03 1.227489475e-02 0.000000000e+00 0.000000000e+00 0.000000000e+00 1.227489475e-02 0.000000000e+00
2.934493346e+03 1.105536404e-02 0.000000000e+00 0.000000000e+00 0.000000000e+00 1.105536404e-02 0.000000000e+00
3.110918936e+03 9.838453657e-03 0.000000000e+00 0.000000000e+00 0.000000000e+00 9.838453657e-03 0.000000000e+00
3.297951463e+03 8.811925608e-03 0.000000000e+00 0.000000000e+00 0.000000000e+00 8.811925608e-03 0.000000000e+00
3.496228631e+03 7.832378909e-03 0.000000000e+00 0.000000000e+00 0.000000000e+00 7.832378909e-03 0.000000000e+00
3.706426483e+03 6.979587378e-03 0.000000000e+00 0.000000000e+00 0.000000000e+00 6.979587378e-03 0.000000000e+00
3.929261705e+03 6.275681172e-03 0.000000000e+00 0.000000000e+00 0.000000000e+00 6.275681172e-03 0.000000000e+00
4.165494073e+03 5.602358153e-03 0.000000000e+00 0.000000000e+00 0.000000000e+00 5.602358153e-03 0.000000000e+00
4.415929040e+03 4.941635338e-03 0.000000000e+00 0.000000000e+00 0.000000000e+00 4.941635338e-03 0.000000000e+00
4.681420487e+03 4.509017998e-03 0.000000000e+00 0.000000000e+00 0.000000000e+00 4.509017998e-03 0.000000000e+00
4.962873628e+03 3.992827069e-03 0.000000000e+00 0.000000000e+00 0.000000000e+00 3.992827069e-03 0.000000000e+00
5.261248100e+03 3.590449436e-03 0.000000000e+00 0.000000000e+00 0.000000000e+00 3.590449436e-03 0.000000000e+00
5.577561237e+03 3.217445153e-03 0.000000000e+00 0.000000000e+00 0.000000000e+00 3.217445153e-03 0.000000000e+00
5.912891535e+03 2.852815028e-03 0.000000000e+00 0.000000000e+00 0.000000000e+00 2.852815028e-03 0.000000000e+00
6.268382331e+03 2.534583468e-03 0.000000000e+00 0.000000000e+00 0.000000000e+00 2.534583468e-03 0.000000000e+00
6.645245699e+03 2.256475555e-03 0.000000000e+00 0.000000000e+00 0.000000000e+00 2.256475555e-03 0.000000000e+00
7.044766588e+03 2.006224477e-03 0.000000000e+00 0.000000000e+00 0.000000000e+00 2.006224477e-03 0.000000000e+00
7.468307196e+03 1.795354690e-03 0.000000000e+00 0.000000000e+00 0.000000000e+00 1.795354690e-03 0.000000000e+00
7.917311621e+03 1.619884557e-03 0.000000000e+00 0.000000000e+00 0.000000000e+00 1.619884557e-03 0.000000000e+00
8.393310782e+03 1.443988199e-03 0.000000000e+00 0.000000000e+00 0.000000000e+00 1.443988199e-03 0.000000000e+00
8.897927636e+03 1.285625105e-03 0.000000000e+00 0.000000000e+00 0.000000000e+00 1.285625105e-03 0.000000000e+00
9.432882717e+03 1.146298983e-03 0.000000000e+00 0.000000000e+00 0.000000000e+00 1.146298983e-03 0.000000000e+00
1.000000000e+04 9.300765537e-04 0.000000000e+00 0.000000000e+00 0.000000000e+00 9.300765537e-04 0.000000000e+00
