# column 1: wavelength (micron)
# column 2: total flux; F_nu (Jy)
# column 3: transparent flux; F_nu (Jy)
# column 4: direct primary flux; F_nu (Jy)
# column 5: scattered primary flux; F_nu (Jy)
# column 6: direct secondary flux; F_nu (Jy)
# column 7: scattered secondary flux; F_nu (Jy)
9.000000000e-02 2.714576328e-04 3.392644634e-04 2.587880845e-04 1.266954833e-05 0.000000000e+00 0.000000000e+00
9.541091806e-02 1.433351008e-03 1.753123219e-03 1.364200374e-03 6.915063364e-05 0.000000000e+00 0.000000000e+00
1.011471476e-01 1.776884746e-03 2.098089649e-03 1.692432758e-03 8.445198893e-05 0.000000000e+00 0.000000000e+00
1.072282468e-01 2.075135737e-03 2.374563340e-03 1.979107282e-03 9.602845572e-05 0.000000000e+00 0.000000000e+00
1.136749497e-01 2.124819666e-03 2.380256108e-03 2.030666563e-03 9.415310272e-05 0.000000000e+00 0.000000000e+00
1.205092367e-01 1.800196536e-03 1.989886302e-03 1.722310578e-03 7.788595842e-05 0.000000000e+00 0.000000000e+00
1.277544101e-01 2.108761057e-03 2.307126660e-03 2.018950130e-03 8.981092697e-05 0.000000000e+00 0.000000000e+00
1.354351729e-01 2.147017207e-03 2.332224149e-03 2.056726366e-03 9.029084146e-05 0.000000000e+00 0.000000000e+00
1.435777131e-01 2.066990100e-03 2.230830422e-03 1.982003185e-03 8.498691506e-05 0.000000000e+00 0.000000000e+00
1.522097936e-01 2.023790945e-03 2.169585623e-03 1.943075678e-03 8.071526736e-05 0.000000000e+00 0.000000000e+00
1.613608460e-01 1.962219271e-03 2.091670585e-03 1.882752569e-03 7.946670253e-05 0.000000000e+00 0.000000000e+00
1.710620718e-01 1.942743899e-03 2.072179909e-03 1.863383430e-03 7.936046853e-05 0.000000000e+00 0.000000000e+00
1.813465479e-01 1.899422515e-03 2.028805847e-03 1.814827336e-03 8.459517875e-05 0.000000000e+00 0.000000000e+00
1.922493402e-01 1.827907771e-03 1.963810645e-03 1.737406852e-03 9.050091863e-05 0.000000000e+00 0.000000000e+00
2.038076228e-01 1.725793848e-03 1.872283680e-03 1.632084946e-03 9.370890167e-05 0.000000000e+00 0.000000000e+00
2.160608044e-01 1.725958782e-03 1.872106645e-03 1.625554286e-03 1.004044956e-04 0.000000000e+00 0.000000000e+00
2.290506634e-01 1.672262533e-03 1.786698446e-03 1.569155060e-03 1.031074721e-04 0.000000000e+00 0.000000000e+00
2.428214897e-01 1.614736251e-03 1.702054218e-03 1.513076568e-03 1.016596828e-04 0.000000000e+00 0.000000000e+00
2.574202362e-01 1.600112180e-03 1.673513430e-03 1.497864128e-03 1.022480527e-04 0.000000000e+00 0.000000000e+00
2.728966785e-01 1.592620789e-03 1.659359441e-03 1.491143180e-03 1.014776091e-04 0.000000000e+00 0.000000000e+00
2.893035848e-01 1.612222690e-03 1.676429572e-03 1.511426989e-03 1.007957009e-04 0.000000000e+00 0.000000000e+00
3.066968958e-01 1.630202310e-03 1.690539524e-03 1.529101137e-03 1.011011737e-04 0.000000000e+00 0.000000000e+00
3.251359155e-01 1.621438226e-03 1.679465462e-03 1.520407416e-03 1.010308102e-04 0.000000000e+00 0.000000000e+00
3.446835132e-01 1.654198482e-03 1.710704079e-03 1.550167783e-03 1.040306982e-04 0.000000000e+00 0.000000000e+00
3.654063382e-01 1.737374563e-03 1.794345512e-03 1.628882659e-03 1.084919045e-04 0.000000000e+00 0.000000000e+00
3.873750465e-01 2.651817102e-03 2.735624482e-03 2.488063248e-03 1.637538545e-04 0.000000000e+00 0.000000000e+00
4.106645425e-01 3.184912780e-03 3.282144392e-03 2.992715201e-03 1.921975790e-04 0.000000000e+00 0.000000000e+00
4.353542335e-01 3.110165713e-03 3.202636531e-03 2.927257621e-03 1.829080922e-04 0.000000000e+00 0.000000000e+00
4.615283011e-01 3.247286405e-03 3.340114111e-03 3.055313250e-03 1.919731553e-04 0.000000000e+00 0.000000000e+00
4.892759879e-01 3.091277916e-03 3.177639395e-03 2.913029569e-03 1.782483475e-04 0.000000000e+00 0.000000000e+00
5.186919022e-01 3.136503443e-03 3.222721226e-03 2.964084742e-03 1.724187010e-04 0.000000000e+00 0.000000000e+00
5.498763397e-01 3.140334902e-03 3.223226277e-03 2.974531557e-03 1.658033454e-04 0.000000000e+00 0.000000000e+00
5.829356266e-01 3.192483918e-03 3.271164014e-03 3.027403104e-03 1.650808137e-04 0.000000000e+00 0.000000000e+00
6.179824811e-01 3.199969338e-03 3.276155181e-03 3.039994358e-03 1.599749798e-04 0.000000000e+00 0.000000000e+00
6.551363985e-01 3.179358309e-03 3.252172098e-03 3.025178591e-03 1.541797184e-04 0.000000000e+00 0.000000000e+00
6.945240582e-01 3.230411808e-03 3.298871308e-03 3.080489305e-03 1.499225033e-04 0.000000000e+00 0.000000000e+00
7.362797556e-01 3.244114861e-03 3.310698255e-03 3.104312806e-03 1.398020547e-04 0.000000000e+00 0.000000000e+00
7.805458603e-01 3.228814834e-03 3.292550587e-03 3.098673135e-03 1.301416995e-04 0.000000000e+00 0.000000000e+00
8.274733014e-01 3.184867542e-03 3.243274509e-03 3.061004916e-03 1.238626260e-04 0.000000000e+00 0.000000000e+00
8.772220817e-01 3.212886987e-03 3.270079597e-03 3.095409296e-03 1.174776910e-04 0.000000000e+00 0.000000000e+00
9.299618239e-01 3.232754863e-03 3.287106053e-03 3.122696438e-03 1.100584256e-04 0.000000000e+00 0.000000000e+00
9.858723487e-01 3.166598173e-03 3.216616414e-03 3.068714609e-03 9.788356354e-05 0.000000000e+00 0.000000000e+00
1.045144288e+00 3.045777184e-03 3.091111996e-03 2.959765446e-03 8.601173797e-05 0.000000000e+00 0.000000000e+00
1.107979733e+00 2.889209465e-03 2.930321504e-03 2.813876082e-03 7.533338357e-05 0.000000000e+00 0.000000000e+00
1.174592928e+00 2.806187728e-03 2.843785275e-03 2.737967898e-03 6.821982995e-05 0.000000000e+00 0.000000000e+00
1.245210996e+00 2.698517197e-03 2.733012112e-03 2.639671851e-03 5.884534536e-05 0.000000000e+00 0.000000000e+00
1.320074714e+00 2.661107550e-03 2.693232827e-03 2.609323342e-03 5.178420785e-05 0.000000000e+00 0.000000000e+00
1.399439338e+00 2.627220749e-03 2.657147070e-03 2.581871978e-03 4.534877162e-05 3.604583366e-281 1.135768826e-282
1.483575466e+00 2.580275452e-03 2.607402490e-03 2.540312155e-03 3.996329713e-05 9.575316970e-266 2.889943012e-267
1.572769969e+00 2.611393885e-03 2.637561156e-03 2.575744402e-03 3.564948357e-05 7.814246876e-251 1.097003460e-252
1.667326963e+00 2.607146397e-03 2.631745848e-03 2.575508749e-03 3.163764840e-05 8.904642924e-237 1.619796836e-238
1.767568847e+00 2.442583176e-03 2.464102769e-03 2.416739890e-03 2.584328543e-05 2.430741324e-222 2.127539009e-224
1.873837405e+00 2.276939746e-03 2.295760208e-03 2.256172473e-03 2.076727255e-05 2.130640820e-210 2.515518880e-212
1.986494968e+00 2.143460843e-03 2.159872953e-03 2.126675831e-03 1.678501120e-05 5.599738040e-198 3.415645062e-200
2.105925651e+00 1.994461772e-03 2.008417567e-03 1.980901058e-03 1.356071312e-05 5.028202819e-186 3.917317804e-188
2.232536664e+00 1.788818891e-03 1.800579321e-03 1.778351382e-03 1.046750902e-05 4.333178000e-176 2.765288860e-178
2.366759696e+00 1.610366030e-03 1.620158528e-03 1.602325450e-03 8.040580124e-06 2.808037346e-166 1.645672359e-168
2.509052394e+00 1.400987419e-03 1.408948240e-03 1.395098920e-03 5.888498168e-06 1.470258871e-156 8.137675271e-159
2.659899915e+00 1.383054946e-03 1.390283168e-03 1.378195552e-03 4.859393817e-06 2.197973772e-147 8.426286708e-150
2.819816587e+00 1.330371488e-03 1.336837508e-03 1.326480928e-03 3.890560212e-06 9.626055344e-139 3.281745591e-141
2.989347660e+00 1.125779162e-03 1.130762064e-03 1.123009528e-03 2.769634264e-06 1.427327065e-130 3.800044514e-133
3.169071162e+00 1.008335331e-03 1.012387299e-03 1.006287645e-03 2.047685845e-06 1.764336212e-123 3.967264002e-126
3.359599877e+00 9.929720982e-04 9.966397961e-04 9.913214001e-04 1.650698091e-06 2.295146976e-116 4.525754831e-119
3.561583429e+00 9.418269093e-04 9.449861782e-04 9.405470952e-04 1.279814084e-06 1.430856693e-109 2.223843781e-112
3.775710497e+00 8.003030831e-04 8.027444800e-04 7.994098743e-04 8.932088221e-07 3.164769878e-103 4.117534340e-106
4.002711165e+00 7.346406554e-04 7.367119118e-04 7.339800962e-04 6.605591949e-07 3.890808132e-97 4.346371240e-100
4.243359411e+00 6.955124030e-04 6.973283376e-04 6.950038847e-04 5.085183612e-07 1.316465315e-91 1.097087245e-94
4.498475745e+00 5.845184671e-04 5.858947593e-04 5.841795858e-04 3.388812709e-07 2.651950712e-86 1.910495078e-89
4.768930007e+00 5.139396742e-04 5.150511530e-04 5.137011667e-04 2.385074817e-07 2.852995121e-81 1.517356784e-84
5.055644335e+00 4.612846965e-04 4.621945019e-04 4.611152160e-04 1.694805077e-07 1.938356726e-76 8.127012427e-80
5.359596304e+00 4.282720521e-04 4.290501539e-04 4.281509664e-04 1.210856699e-07 5.267964539e-72 1.744500301e-75
5.681822265e+00 4.003057726e-04 4.009737563e-04 4.002177599e-04 8.801270428e-08 8.461671961e-68 2.275618766e-71
6.023420872e+00 3.671839681e-04 3.677655380e-04 3.671230448e-04 6.092321667e-08 7.642040569e-64 1.624354136e-67
6.385556837e+00 3.300404761e-04 3.305284809e-04 3.299993022e-04 4.117395899e-08 4.854060770e-60 7.530072840e-64
6.769464890e+00 2.944863415e-04 2.948951603e-04 2.944612816e-04 2.505985425e-08 1.581782440e-56 1.713218733e-60
7.176453999e+00 2.600113404e-04 2.603607291e-04 2.599972200e-04 1.412041272e-08 3.613558361e-53 1.711576753e-57
7.607911827e+00 2.392670607e-04 2.396379235e-04 2.392602784e-04 6.782260837e-09 5.383430102e-50 5.481211197e-55
8.065309466e+00 2.150172775e-04 2.155472820e-04 2.150150229e-04 2.254581863e-09 5.779166924e-47 7.806758169e-53
8.550206451e+00 1.950188695e-04 1.958251470e-04 1.950182346e-04 6.348892712e-10 4.114313754e-44 6.879495307e-51
9.064256079e+00 1.788646529e-04 1.798989738e-04 1.788643436e-04 3.092749746e-10 2.206553972e-41 6.725029935e-48
9.609211044e+00 1.646222828e-04 1.657314133e-04 1.646219847e-04 2.980938803e-10 8.425103029e-39 1.341400825e-45
1.018692942e+01 1.470397975e-04 1.479205817e-04 1.470397523e-04 4.518134821e-11 1.965207065e-36 1.203449199e-45
1.079938098e+01 1.280116250e-04 1.286327109e-04 1.280116243e-04 7.484260523e-13 3.249257663e-34 0.000000000e+00
1.144865393e+01 1.108126929e-04 1.112307023e-04 1.108126929e-04 0.000000000e+00 4.149271799e-32 0.000000000e+00
1.213696202e+01 9.557012137e-05 9.585000089e-05 9.557012137e-05 0.000000000e+00 3.896605067e-30 0.000000000e+00
1.286665210e+01 8.511377494e-05 8.530331478e-05 8.511377494e-05 0.000000000e+00 2.781651361e-28 0.000000000e+00
1.364021210e+01 7.294232874e-05 7.307411434e-05 7.294232874e-05 0.000000000e+00 1.627633259e-26 0.000000000e+00
1.446027954e+01 6.274471676e-05 6.284897051e-05 6.274471676e-05 0.000000000e+00 8.508099319e-25 0.000000000e+00
1.532965052e+01 5.565649935e-05 5.575909045e-05 5.565649935e-05 0.000000000e+00 3.858668868e-23 0.000000000e+00
1.625128922e+01 4.795314227e-05 4.805512176e-05 4.795314227e-05 0.000000000e+00 1.417812107e-21 0.000000000e+00
1.722833804e+01 4.200778328e-05 4.210786724e-05 4.200778328e-05 0.000000000e+00 4.254811090e-20 0.000000000e+00
1.826412832e+01 3.617684387e-05 3.626572561e-05 3.617684387e-05 0.000000000e+00 1.002514791e-18 0.000000000e+00
1.936219168e+01 3.166524697e-05 3.173979930e-05 3.166524697e-05 0.000000000e+00 1.787906279e-17 0.000000000e+00
2.052627204e+01 2.748779799e-05 2.754659145e-05 2.748779799e-05 0.000000000e+00 2.797714844e-16 0.000000000e+00
2.176033844e+01 2.480241480e-05 2.484967515e-05 2.480241480e-05 0.000000000e+00 3.465589495e-15 0.000000000e+00
2.306859853e+01 2.180733088e-05 2.184418149e-05 2.180733085e-05 0.000000000e+00 3.779193759e-14 0.000000000e+00
2.445551294e+01 1.991422234e-05 1.994497585e-05 1.991422198e-05 0.000000000e+00 3.594614990e-13 0.000000000e+00
2.592581045e+01 1.743163376e-05 1.745573937e-05 1.743163078e-05 0.000000000e+00 2.979796773e-12 0.000000000e+00
2.748450419e+01 1.548923991e-05 1.550871744e-05 1.548921839e-05 0.000000000e+00 2.151843950e-11 0.000000000e+00
2.913690863e+01 1.386903146e-05 1.388483427e-05 1.386889633e-05 0.000000000e+00 1.351392591e-10 0.000000000e+00
3.088865780e+01 1.244670471e-05 1.245898208e-05 1.244593334e-05 0.000000000e+00 7.713628121e-10 0.000000000e+00
3.274572442e+01 1.091762428e-05 1.092404882e-05 1.091363387e-05 0.000000000e+00 3.990414177e-09 0.000000000e+00
3.471444033e+01 9.877158716e-06 9.867640126e-06 9.858988072e-06 0.000000000e+00 1.817064408e-08 0.000000000e+00
3.680151802e+01 8.757881069e-06 8.690966580e-06 8.684006620e-06 0.000000000e+00 7.387444895e-08 0.000000000e+00
3.901407356e+01 8.055801241e-06 7.780167821e-06 7.774457490e-06 0.000000000e+00 2.813437505e-07 0.000000000e+00
4.135965084e+01 7.897172327e-06 6.949885633e-06 6.945302428e-06 0.000000000e+00 9.518698998e-07 0.000000000e+00
4.384624730e+01 9.181412739e-06 6.164785386e-06 6.161141476e-06 0.000000000e+00 3.020271263e-06 0.000000000e+00
4.648234121e+01 1.426902582e-05 5.509145418e-06 5.506197339e-06 0.000000000e+00 8.762828481e-06 0.000000000e+00
4.927692053e+01 2.817549068e-05 4.857121479e-06 4.854813042e-06 0.000000000e+00 2.332067764e-05 0.000000000e+00
5.223951363e+01 6.225377818e-05 4.358991116e-06 4.357143219e-06 0.000000000e+00 5.789663496e-05 0.000000000e+00
5.538022172e+01 1.372330851e-04 3.883409377e-06 3.881947019e-06 0.000000000e+00 1.333511381e-04 0.000000000e+00
5.870975330e+01 2.955091343e-04 3.439405053e-06 3.438248050e-06 0.000000000e+00 2.920708862e-04 0.000000000e+00
6.223946068e+01 6.014174747e-04 3.064999929e-06 3.064095775e-06 0.000000000e+00 5.983533789e-04 0.000000000e+00
6.598137870e+01 1.160585097e-03 2.705412867e-06 2.704705009e-06 0.000000000e+00 1.157880392e-03 0.000000000e+00
6.994826574e+01 2.143865891e-03 2.430367770e-06 2.429805557e-06 0.000000000e+00 2.141436085e-03 0.000000000e+00
7.415364723e+01 3.762975255e-03 2.161116558e-06 2.160670689e-06 0.000000000e+00 3.760814584e-03 0.000000000e+00
7.861186177e+01 6.289248868e-03 1.947354893e-06 1.947004203e-06 0.000000000e+00 6.287301863e-03 0.000000000e+00
8.333811002e+01 1.004699451e-02 1.691905017e-06 1.691636716e-06 0.000000000e+00 1.004530287e-02 0.000000000e+00
8.834850651e+01 1.547832626e-02 1.536520567e-06 1.536306287e-06 0.000000000e+00 1.547678995e-02 0.000000000e+00
9.366013462e+01 2.301349470e-02 1.357712780e-06 1.357544318e-06 0.000000000e+00 2.301213716e-02 0.000000000e+00
9.929110477e+01 3.286611081e-02 7.745250497e-07 7.744385207e-07 0.000000000e+00 3.286533637e-02 0.000000000e+00
1.052606162e+02 4.535065640e-02 0.000000000e+00 0.000000000e+00 0.000000000e+00 4.535065640e-02 0.000000000e+00
1.115890226e+02 6.114275222e-02 0.000000000e+00 0.000000000e+00 0.000000000e+00 6.114275222e-02 0.000000000e+00
1.182979010e+02 7.914128196e-02 0.000000000e+00 0.000000000e+00 0.000000000e+00 7.914128196e-02 0.000000000e+00
1.254101260e+02 1.009858968e-01 0.000000000e+00 0.000000000e+00 0.000000000e+00 1.009858968e-01 0.000000000e+00
1.329499472e+02 1.249602243e-01 0.000000000e+00 0.000000000e+00 0.000000000e+00 1.249602243e-01 0.000000000e+00
1.409430725e+02 1.504577329e-01 0.000000000e+00 0.000000000e+00 0.000000000e+00 1.504577329e-01 0.000000000e+00
1.494167549e+02 1.766210189e-01 0.000000000e+00 0.000000000e+00 0.000000000e+00 1.766210189e-01 0.000000000e+00
1.583998862e+02 2.030486801e-01 0.000000000e+00 0.000000000e+00 0.000000000e+00 2.030486801e-01 0.000000000e+00
1.679230951e+02 2.275323414e-01 0.000000000e+00 0.000000000e+00 0.000000000e+00 2.275323414e-01 0.000000000e+00
1.780188519e+02 2.506572041e-01 0.000000000e+00 0.000000000e+00 0.000000000e+00 2.506572041e-01 0.000000000e+00
1.887215788e+02 2.713366684e-01 0.000000000e+00 0.000000000e+00 0.000000000e+00 2.713366684e-01 0.000000000e+00
2.000677676e+02 2.880199690e-01 0.000000000e+00 0.000000000e+00 0.000000000e+00 2.880199690e-01 0.000000000e+00
2.120961043e+02 3.001112599e-01 0.000000000e+00 0.000000000e+00 0.000000000e+00 3.001112599e-01 0.000000000e+00
2.248476003e+02 3.096997523e-01 0.000000000e+00 0.000000000e+00 0.000000000e+00 3.096997523e-01 0.000000000e+00
2.383657330e+02 3.135516137e-01 0.000000000e+00 0.000000000e+00 0.000000000e+00 3.135516137e-01 0.000000000e+00
2.526965935e+02 3.151569100e-01 0.000000000e+00 0.000000000e+00 0.000000000e+00 3.151569100e-01 0.000000000e+00
2.678890442e+02 3.103511538e-01 0.000000000e+00 0.000000000e+00 0.000000000e+00 3.103511538e-01 0.000000000e+00
2.839948849e+02 2.993843675e-01 0.000000000e+00 0.000000000e+00 0.000000000e+00 2.993843675e-01 0.000000000e+00
3.010690299e+02 2.908112316e-01 0.000000000e+00 0.000000000e+00 0.000000000e+00 2.908112316e-01 0.000000000e+00
3.191696949e+02 2.744567086e-01 0.000000000e+00 0.000000000e+00 0.000000000e+00 2.744567086e-01 0.000000000e+00
3.383585957e+02 2.582926895e-01 0.000000000e+00 0.000000000e+00 0.000000000e+00 2.582926895e-01 0.000000000e+00
3.587011583e+02 2.402758791e-01 0.000000000e+00 0.000000000e+00 0.000000000e+00 2.402758791e-01 0.000000000e+00
3.802667425e+02 2.207448104e-01 0.000000000e+00 0.000000000e+00 0.000000000e+00 2.207448104e-01 0.000000000e+00
4.031288779e+02 2.009885970e-01 0.000000000e+00 0.000000000e+00 0.000000000e+00 2.009885970e-01 0.000000000e+00
4.273655148e+02 1.816411930e-01 0.000000000e+00 0.000000000e+00 0.000000000e+00 1.816411930e-01 0.000000000e+00
4.530592901e+02 1.640914665e-01 0.000000000e+00 0.000000000e+00 0.000000000e+00 1.640914665e-01 0.000000000e+00
4.802978090e+02 1.445729184e-01 0.000000000e+00 0.000000000e+00 0.000000000e+00 1.445729184e-01 0.000000000e+00
5.091739433e+02 1.285108412e-01 0.000000000e+00 0.000000000e+00 0.000000000e+00 1.285108412e-01 0.000000000e+00
5.397861487e+02 1.128170254e-01 0.000000000e+00 0.000000000e+00 0.000000000e+00 1.128170254e-01 0.000000000e+00
5.722388000e+02 9.855366317e-02 0.000000000e+00 0.000000000e+00 0.000000000e+00 9.855366317e-02 0.000000000e+00
6.066425473e+02 8.493511615e-02 0.000000000e+00 0.000000000e+00 0.000000000e+00 8.493511615e-02 0.000000000e+00
6.431146930e+02 7.305846291e-02 0.000000000e+00 0.000000000e+00 0.000000000e+00 7.305846291e-02 0.000000000e+00
6.817795920e+02 6.249203351e-02 0.000000000e+00 0.000000000e+00 0.000000000e+00 6.249203351e-02 0.000000000e+00
7.227690754e+02 5.381192501e-02 0.000000000e+00 0.000000000e+00 0.000000000e+00 5.381192501e-02 0.000000000e+00
7.662229003e+02 4.548297505e-02 0.000000000e+00 0.000000000e+00 0.000000000e+00 4.548297505e-02 0.000000000e+00
8.122892262e+02 3.872777047e-02 0.000000000e+00 0.000000000e+00 0.000000000e+00 3.872777047e-02 0.000000000e+00
8.611251200e+02 3.259292072e-02 0.000000000e+00 0.000000000e+00 0.000000000e+00 3.259292072e-02 0.000000000e+00
9.128970918e+02 2.707255705e-02 0.000000000e+00 0.000000000e+00 0.000000000e+00 2.707255705e-02 0.000000000e+00
9.677816625e+02 2.281606280e-02 0.000000000e+00 0.000000000e+00 0.000000000e+00 2.281606280e-02 0.000000000e+00
1.025965966e+03 2.009345361e-02 0.000000000e+00 0.000000000e+00 0.000000000e+00 2.009345361e-02 0.000000000e+00
1.087648385e+03 1.853600788e-02 0.000000000e+00 0.000000000e+00 0.000000000e+00 1.853600788e-02 0.000000000e+00
1.153039233e+03 1.722486042e-02 0.000000000e+00 0.000000000e+00 0.000000000e+00 1.722486042e-02 0.000000000e+00
1.222361464e+03 1.600451030e-02 0.000000000e+00 0.000000000e+00 0.000000000e+00 1.600451030e-02 0.000000000e+00
1.295851439e+03 1.467935464e-02 0.000000000e+00 0.000000000e+00 0.000000000e+00 1.467935464e-02 0.000000000e+00
1.373759727e+03 1.351130942e-02 0.000000000e+00 0.000000000e+00 0.000000000e+00 1.351130942e-02 0.000000000e+00
1.456351964e+03 1.253501856e-02 0.000000000e+00 0.000000000e+00 0.000000000e+00 1.253501856e-02 0.000000000e+00
1.543909754e+03 1.147322264e-02 0.000000000e+00 0.000000000e+00 0.000000000e+00 1.147322264e-02 0.000000000e+00
1.636731634e+03 1.047571585e-02 0.000000000e+00 0.000000000e+00 0.000000000e+00 1.047571585e-02 0.000000000e+00
1.735134087e+03 9.562690536e-03 0.000000000e+00 0.000000000e+00 0.000000000e+00 9.562690536e-03 0.000000000e+00
1.839452624e+03 8.710221471e-03 0.000000000e+00 0.000000000e+00 0.000000000e+00 8.710221471e-03 0.000000000e+00
1.950042929e+03 7.941300768e-03 0.000000000e+00 0.000000000e+00 0.000000000e+00 7.941300768e-03 0.000000000e+00
2.067282068e+03 7.210086797e-03 0.000000000e+00 0.000000000e+00 0.000000000e+00 7.210086797e-03 0.000000000e+00
2.191569778e+03 6.529462360e-03 0.000000000e+00 0.000000000e+00 0.000000000e+00 6.529462360e-03 0.000000000e+00
2.323329827e+03 5.925778521e-03 0.000000000e+00 0.000000000e+00 0.000000000e+00 5.925778521e-03 0.000000000e+00
2.463011464e+03 5.375264428e-03 0.000000000e+00 0.000000000e+00 0.000000000e+00 5.375264428e-03 0.000000000e+00
2.611090944e+03 4.861931084e-03 0.000000000e+00 0.000000000e+00 0.000000000e+00 4.861931084e-03 0.000000000e+00
2.768073157e+03 4.424836724e-03 0.000000000e+00 0.000000000e+00 0.000000000e+00 4.424836724e-03 0.000000000e+00
2.934493346e+03 3.995102074e-03 0.000000000e+00 0.000000000e+00 0.000000000e+00 3.995102074e-03 0.000000000e+00
3.110918936e+03 3.593748696e-03 0.000000000e+00 0.000000000e+00 0.000000000e+00 3.593748696e-03 0.000000000e+00
3.297951463e+03 3.256341146e-03 0.000000000e+00 0.000000000e+00 0.000000000e+00 3.256341146e-03 0.000000000e+00
3.496228631e+03 2.927110180e-03 0.000000000e+00 0.000000000e+00 0.000000000e+00 2.927110180e-03 0.000000000e+00
3.706426483e+03 2.655014315e-03 0.000000000e+00 0.000000000e+00 0.000000000e+00 2.655014315e-03 0.000000000e+00
3.929261705e+03 2.359887084e-03 0.000000000e+00 0.000000000e+00 0.000000000e+00 2.359887084e-03 0.000000000e+00
4.165494073e+03 2.129028078e-03 0.000000000e+00 0.000000000e+00 0.000000000e+00 2.129028078e-03 0.000000000e+00
4.415929040e+03 1.911045989e-03 0.000000000e+00 0.000000000e+00 0.000000000e+00 1.911045989e-03 0.000000000e+00
4.681420487e+03 1.740112784e-03 0.000000000e+00 0.000000000e+00 0.000000000e+00 1.740112784e-03 0.000000000e+00
4.962873628e+03 1.531330253e-03 0.000000000e+00 0.000000000e+00 0.000000000e+00 1.531330253e-03 0.000000000e+00
5.261248100e+03 1.387279917e-03 0.000000000e+00 0.000000000e+00 0.000000000e+00 1.387279917e-03 0.000000000e+00
5.577561237e+03 1.244588336e-03 0.000000000e+00 0.000000000e+00 0.000000000e+00 1.244588336e-03 0.000000000e+00
5.912891535e+03 1.124013657e-03 0.000000000e+00 0.000000000e+00 0.000000000e+00 1.124013657e-03 0.000000000e+00
6.268382331e+03 9.934734958e-04 0.000000000e+00 0.000000000e+00 0.000000000e+00 9.934734958e-04 0.000000000e+00
6.645245699e+03 8.976575709e-04 0.000000000e+00 0.000000000e+00 0.000000000e+00 8.976575709e-04 0.000000000e+00
7.044766588e+03 8.034330573e-04 0.000000000e+00 0.000000000e+00 0.000000000e+00 8.034330573e-04 0.000000000e+00
7.468307196e+03 7.122157305e-04 0.000000000e+00 0.000000000e+00 0.000000000e+00 7.122157305e-04 0.000000000e+00
7.917311621e+03 6.373208529e-04 0.000000000e+00 0.000000000e+00 0.000000000e+00 6.373208529e-04 0.000000000e+00
8.393310782e+03 5.716051830e-04 0.000000000e+00 0.000000000e+00 0.000000000e+00 5.716051830e-04 0.000000000e+00
8.897927636e+03 5.148983556e-04 0.000000000e+00 0.000000000e+00 0.000000000e+00 5.148983556e-04 0.000000000e+00
9.432882717e+03 4.541138049e-04 0.000000000e+00 0.000000000e+00 0.000000000e+00 4.541138049e-04 0.000000000e+00
1.000000000e+04 3.692997820e-04 0.000000000e+00 0.000000000e+00 0.000000000e+00 3.692997820e-04 0.000000000e+00
