# column 1: wavelength (micron)
# column 2: total flux; F_nu (Jy)
# column 3: transparent flux; F_nu (Jy)
# column 4: direct primary flux; F_nu (Jy)
# column 5: scattered primary flux; F_nu (Jy)
# column 6: direct secondary flux; F_nu (Jy)
# column 7: scattered secondary flux; F_nu (Jy)
9.000000000e-02 2.410197898e-04 3.347433269e-04 2.230833183e-04 1.793647149e-05 0.000000000e+00 0.000000000e+00
9.541091806e-02 1.302597230e-03 1.752295000e-03 1.205931355e-03 9.666587511e-05 0.000000000e+00 0.000000000e+00
1.011471476e-01 1.639643843e-03 2.090755363e-03 1.522728761e-03 1.169150819e-04 0.000000000e+00 0.000000000e+00
1.072282468e-01 1.964355699e-03 2.378550658e-03 1.830427681e-03 1.339280184e-04 0.000000000e+00 0.000000000e+00
1.136749497e-01 2.031069222e-03 2.378949023e-03 1.900290572e-03 1.307786494e-04 0.000000000e+00 0.000000000e+00
1.205092367e-01 1.732578569e-03 1.998713632e-03 1.623917930e-03 1.086606392e-04 0.000000000e+00 0.000000000e+00
1.277544101e-01 2.032162972e-03 2.300947457e-03 1.909504879e-03 1.226580927e-04 0.000000000e+00 0.000000000e+00
1.354351729e-01 2.093371357e-03 2.342298967e-03 1.971523115e-03 1.218482423e-04 0.000000000e+00 0.000000000e+00
1.435777131e-01 2.020979540e-03 2.234470766e-03 1.903963151e-03 1.170163889e-04 0.000000000e+00 0.000000000e+00
1.522097936e-01 1.979691399e-03 2.169232260e-03 1.869893954e-03 1.097974450e-04 0.000000000e+00 0.000000000e+00
1.613608460e-01 1.924677900e-03 2.099748544e-03 1.822748770e-03 1.019291300e-04 0.000000000e+00 0.000000000e+00
1.710620718e-01 1.900839939e-03 2.068362715e-03 1.794917766e-03 1.059221738e-04 0.000000000e+00 0.000000000e+00
1.813465479e-01 1.856753082e-03 2.024798240e-03 1.746285038e-03 1.104680434e-04 0.000000000e+00 0.000000000e+00
1.922493402e-01 1.788268519e-03 1.961970136e-03 1.668935197e-03 1.193333223e-04 0.000000000e+00 0.000000000e+00
2.038076228e-01 1.698096819e-03 1.885713111e-03 1.574481895e-03 1.236149237e-04 0.000000000e+00 0.000000000e+00
2.160608044e-01 1.685613721e-03 1.871155537e-03 1.554547250e-03 1.310664709e-04 0.000000000e+00 0.000000000e+00
2.290506634e-01 1.634157152e-03 1.778705088e-03 1.502540920e-03 1.316162323e-04 0.000000000e+00 0.000000000e+00
2.428214897e-01 1.598214122e-03 1.708401902e-03 1.466772382e-03 1.314417394e-04 0.000000000e+00 0.000000000e+00
2.574202362e-01 1.584366043e-03 1.676196248e-03 1.455064633e-03 1.293014097e-04 0.000000000e+00 0.000000000e+00
2.728966785e-01 1.577198561e-03 1.657540590e-03 1.448594064e-03 1.286044969e-04 0.000000000e+00 0.000000000e+00
2.893035848e-01 1.593366315e-03 1.670053875e-03 1.468540687e-03 1.248256275e-04 0.000000000e+00 0.000000000e+00
3.066968958e-01 1.621288104e-03 1.693018454e-03 1.497364564e-03 1.239235397e-04 0.000000000e+00 0.000000000e+00
3.251359155e-01 1.628048881e-03 1.694922006e-03 1.503190015e-03 1.248588657e-04 0.000000000e+00 0.000000000e+00
3.446835132e-01 1.629355032e-03 1.694476092e-03 1.505989809e-03 1.233652231e-04 0.000000000e+00 0.000000000e+00
3.654063382e-01 1.733829906e-03 1.799724838e-03 1.606019116e-03 1.278107901e-04 0.000000000e+00 0.000000000e+00
3.873750465e-01 2.636622936e-03 2.732276775e-03 2.454744651e-03 1.818782844e-04 0.000000000e+00 0.000000000e+00
4.106645425e-01 3.189968364e-03 3.298360971e-03 2.976928539e-03 2.130398242e-04 0.000000000e+00 0.000000000e+00
4.353542335e-01 3.099754284e-03 3.199049965e-03 2.896681340e-03 2.030729446e-04 0.000000000e+00 0.000000000e+00
4.615283011e-01 3.228759792e-03 3.330653693e-03 3.022313225e-03 2.064465665e-04 0.000000000e+00 0.000000000e+00
4.892759879e-01 3.070448928e-03 3.163174278e-03 2.876170873e-03 1.942780549e-04 0.000000000e+00 0.000000000e+00
5.186919022e-01 3.123211264e-03 3.215057214e-03 2.937752097e-03 1.854591675e-04 0.000000000e+00 0.000000000e+00
5.498763397e-01 3.144236141e-03 3.230818245e-03 2.963212128e-03 1.810240134e-04 0.000000000e+00 0.000000000e+00
5.829356266e-01 3.196578055e-03 3.281466006e-03 3.020354559e-03 1.762234958e-04 0.000000000e+00 0.000000000e+00
6.179824811e-01 3.215057132e-03 3.296410406e-03 3.043780578e-03 1.712765530e-04 0.000000000e+00 0.000000000e+00
6.551363985e-01 3.188210826e-03 3.264909498e-03 3.022286013e-03 1.659248129e-04 0.000000000e+00 0.000000000e+00
6.945240582e-01 3.230940936e-03 3.305800400e-03 3.073336364e-03 1.576045712e-04 0.000000000e+00 0.000000000e+00
7.362797556e-01 3.205182809e-03 3.273786505e-03 3.059307498e-03 1.458753113e-04 0.000000000e+00 0.000000000e+00
7.805458603e-01 3.224432199e-03 3.289743756e-03 3.086083009e-03 1.383491904e-04 0.000000000e+00 0.000000000e+00
8.274733014e-01 3.182505617e-03 3.243328802e-03 3.051175536e-03 1.313300811e-04 0.000000000e+00 0.000000000e+00
8.772220817e-01 3.216354823e-03 3.275789732e-03 3.092673949e-03 1.236808742e-04 0.000000000e+00 0.000000000e+00
9.299618239e-01 3.210092718e-03 3.266998689e-03 3.095648445e-03 1.144442730e-04 0.000000000e+00 0.000000000e+00
9.858723487e-01 3.143785426e-03 3.196120556e-03 3.041970613e-03 1.018148130e-04 3.201187515e-151 1.130583104e-152
1.045144288e+00 3.055473435e-03 3.103445696e-03 2.965257334e-03 9.021610033e-05 1.254697116e-142 5.821099532e-144
1.107979733e+00 2.878570478e-03 2.920471254e-03 2.799553846e-03 7.901663140e-05 2.732968697e-134 1.155833522e-135
1.174592928e+00 2.789124501e-03 2.828383687e-03 2.718115687e-03 7.100881472e-05 1.697181015e-126 7.411197401e-128
1.245210996e+00 2.707757512e-03 2.743819930e-03 2.646031574e-03 6.172593794e-05 2.533995332e-119 7.595742660e-121
1.320074714e+00 2.638331898e-03 2.671324096e-03 2.584713495e-03 5.361840350e-05 1.625940872e-112 4.171198145e-114
1.399439338e+00 2.608891316e-03 2.639372522e-03 2.561814040e-03 4.707727556e-05 7.602427270e-106 1.869311420e-107
1.483575466e+00 2.571638229e-03 2.599503098e-03 2.530448807e-03 4.118942231e-05 7.576796587e-100 1.528711004e-101
1.572769969e+00 2.601109451e-03 2.628000115e-03 2.563986449e-03 3.712300211e-05 4.713709612e-94 9.802280923e-96
1.667326963e+00 2.605208568e-03 2.630606422e-03 2.572258934e-03 3.294963365e-05 1.049968986e-88 1.775857323e-90
1.767568847e+00 2.466314708e-03 2.488660165e-03 2.439186782e-03 2.712792605e-05 1.445519820e-83 2.123411616e-85
1.873837405e+00 2.279044199e-03 2.298365229e-03 2.257471824e-03 2.157237467e-05 1.307281747e-78 1.750816282e-80
1.986494968e+00 2.141394942e-03 2.158411331e-03 2.123868580e-03 1.752636172e-05 3.452479423e-74 3.705237590e-76
2.105925651e+00 1.973142900e-03 1.987304924e-03 1.959116919e-03 1.402598108e-05 5.917213238e-70 5.386776625e-72
2.232536664e+00 1.793503377e-03 1.805703265e-03 1.782593649e-03 1.090972866e-05 6.824753196e-66 6.107066215e-68
2.366759696e+00 1.612918670e-03 1.623161517e-03 1.604603472e-03 8.315198346e-06 5.002750852e-62 3.394126312e-64
2.509052394e+00 1.412545989e-03 1.420777404e-03 1.406367645e-03 6.178343770e-06 1.851630423e-58 1.057706063e-60
2.659899915e+00 1.386173976e-03 1.393586736e-03 1.381081380e-03 5.092595199e-06 4.692329218e-55 2.251195090e-57
2.819816587e+00 1.351026834e-03 1.357717950e-03 1.346927118e-03 4.099716323e-06 7.017998937e-52 2.840780350e-54
2.989347660e+00 1.126848343e-03 1.131910041e-03 1.123950365e-03 2.897978144e-06 6.744356195e-49 2.240853300e-51
3.169071162e+00 1.021549146e-03 1.025764648e-03 1.019379810e-03 2.169336532e-06 5.142825195e-46 1.406757177e-48
3.359599877e+00 9.744460149e-04 9.781958027e-04 9.727538507e-04 1.692164238e-06 2.346328248e-43 5.487206333e-46
3.561583429e+00 9.328876016e-04 9.361422457e-04 9.315673768e-04 1.320224802e-06 8.536972742e-41 1.637248751e-43
3.775710497e+00 7.947916589e-04 7.973226812e-04 7.938626167e-04 9.290421327e-07 1.643614852e-38 2.555204674e-41
4.002711165e+00 7.328738566e-04 7.350052103e-04 7.321870126e-04 6.868439347e-07 2.841153131e-36 3.567918662e-39
4.243359411e+00 6.928324856e-04 6.946665005e-04 6.923051507e-04 5.273348965e-07 3.938444686e-34 3.987188811e-37
4.498475745e+00 5.898462691e-04 5.912711655e-04 5.894894518e-04 3.568173117e-07 3.210871321e-32 2.639355358e-35
4.768930007e+00 5.142023161e-04 5.153469547e-04 5.139549224e-04 2.473936672e-07 2.521897027e-30 1.630373638e-33
5.055644335e+00 4.679406956e-04 4.688954064e-04 4.677620630e-04 1.786325969e-07 1.275211459e-28 6.672268155e-32
5.359596304e+00 4.341928592e-04 4.350150503e-04 4.340645763e-04 1.282829513e-07 5.282816545e-27 2.181052839e-30
5.681822265e+00 3.991888326e-04 3.998899458e-04 3.990966401e-04 9.219249972e-08 2.024559580e-25 6.587461356e-29
6.023420872e+00 3.711016971e-04 3.717062657e-04 3.710369172e-04 6.477985810e-08 6.528795446e-24 1.649410853e-27
6.385556837e+00 3.234650402e-04 3.239628298e-04 3.234233268e-04 4.171337818e-08 1.672908949e-22 3.318420325e-26
6.769464890e+00 2.916221061e-04 2.920418317e-04 2.915959321e-04 2.617398875e-08 3.107407627e-21 4.786918147e-25
7.176453999e+00 2.606546021e-04 2.610143208e-04 2.606391212e-04 1.548097946e-08 5.811816507e-20 5.513990666e-24
7.607911827e+00 2.373537763e-04 2.377295845e-04 2.373461266e-04 7.649777759e-09 9.856301484e-19 2.070073494e-23
8.065309466e+00 2.128101918e-04 2.133506212e-04 2.128068161e-04 3.375647845e-09 1.689467105e-17 1.562900169e-23
8.550206451e+00 1.959031912e-04 1.967374030e-04 1.959015899e-04 1.601314894e-09 2.884751440e-16 1.970099173e-27
9.064256079e+00 1.794109105e-04 1.804820159e-04 1.794099047e-04 1.005878269e-09 3.549887906e-15 8.796101723e-37
9.609211044e+00 1.642110104e-04 1.653510522e-04 1.642101194e-04 8.909436674e-10 3.685154046e-14 4.641417554e-31
1.018692942e+01 1.455151463e-04 1.464167329e-04 1.455148939e-04 2.522451847e-10 2.258018945e-13 7.858693880e-36
1.079938098e+01 1.276151498e-04 1.282522803e-04 1.276151318e-04 1.665647491e-11 1.327002300e-12 1.540404271e-44
1.144865393e+01 1.118896904e-04 1.123229482e-04 1.118896828e-04 6.497618331e-13 7.019581533e-12 0.000000000e+00
1.213696202e+01 9.649776044e-05 9.678715585e-05 9.649773094e-05 0.000000000e+00 2.950852936e-11 0.000000000e+00
1.286665210e+01 8.392832071e-05 8.412312768e-05 8.392821422e-05 0.000000000e+00 1.064828649e-10 0.000000000e+00
1.364021210e+01 7.292974612e-05 7.306530170e-05 7.292932930e-05 0.000000000e+00 4.168261813e-10 0.000000000e+00
1.446027954e+01 6.407060419e-05 6.417933078e-05 6.406893545e-05 0.000000000e+00 1.668733452e-09 0.000000000e+00
1.532965052e+01 5.532402173e-05 5.542370483e-05 5.531738496e-05 0.000000000e+00 6.636772685e-09 0.000000000e+00
1.625128922e+01 4.819378737e-05 4.827406994e-05 4.816856299e-05 0.000000000e+00 2.522437602e-08 0.000000000e+00
1.722833804e+01 4.189344901e-05 4.190504036e-05 4.180288961e-05 0.000000000e+00 9.055940641e-08 0.000000000e+00
1.826412832e+01 3.643429039e-05 3.624643608e-05 3.615375806e-05 0.000000000e+00 2.805323335e-07 0.000000000e+00
1.936219168e+01 3.262097928e-05 3.196165932e-05 3.188346626e-05 0.000000000e+00 7.375130201e-07 0.000000000e+00
2.052627204e+01 2.968294324e-05 2.794789746e-05 2.788621529e-05 0.000000000e+00 1.796727955e-06 0.000000000e+00
2.176033844e+01 2.823016976e-05 2.469414668e-05 2.464582841e-05 0.000000000e+00 3.584341347e-06 0.000000000e+00
2.306859853e+01 2.965790325e-05 2.212372878e-05 2.208509780e-05 0.000000000e+00 7.572805444e-06 0.000000000e+00
2.445551294e+01 3.515384894e-05 1.981495883e-05 1.978356389e-05 0.000000000e+00 1.537028505e-05 0.000000000e+00
2.592581045e+01 4.334170531e-05 1.757559651e-05 1.755041716e-05 0.000000000e+00 2.579128814e-05 0.000000000e+00
2.748450419e+01 6.750082497e-05 1.566682694e-05 1.564635647e-05 0.000000000e+00 5.185446850e-05 0.000000000e+00
2.913690863e+01 1.112370279e-04 1.393707186e-05 1.392047770e-05 0.000000000e+00 9.731655021e-05 0.000000000e+00
3.088865780e+01 1.615433093e-04 1.240701322e-05 1.239360177e-05 0.000000000e+00 1.491497075e-04 0.000000000e+00
3.274572442e+01 2.601577141e-04 1.096997403e-05 1.095917609e-05 0.000000000e+00 2.491985380e-04 0.000000000e+00
3.471444033e+01 4.208058060e-04 9.761280505e-06 9.752486130e-06 0.000000000e+00 4.110533199e-04 0.000000000e+00
3.680151802e+01 6.286135435e-04 8.796717060e-06 8.789446696e-06 0.000000000e+00 6.198240968e-04 0.000000000e+00
3.901407356e+01 9.467977269e-04 7.823528179e-06 7.817649438e-06 0.000000000e+00 9.389800774e-04 0.000000000e+00
4.135965084e+01 1.386730444e-03 6.945040299e-06 6.940298190e-06 0.000000000e+00 1.379790146e-03 0.000000000e+00
4.384624730e+01 2.010897338e-03 6.241630651e-06 6.237802447e-06 0.000000000e+00 2.004659535e-03 0.000000000e+00
4.648234121e+01 2.771109126e-03 5.529838036e-06 5.526764231e-06 0.000000000e+00 2.765582362e-03 0.000000000e+00
4.927692053e+01 3.928867295e-03 4.892666968e-06 4.890274670e-06 0.000000000e+00 3.923977020e-03 0.000000000e+00
5.223951363e+01 5.332091897e-03 4.384306501e-06 4.382389064e-06 0.000000000e+00 5.327709508e-03 0.000000000e+00
5.538022172e+01 7.226141096e-03 3.862645551e-06 3.861130426e-06 0.000000000e+00 7.222279966e-03 0.000000000e+00
5.870975330e+01 9.561951229e-03 3.450172956e-06 3.448978005e-06 0.000000000e+00 9.558502251e-03 0.000000000e+00
6.223946068e+01 1.245771735e-02 3.057490902e-06 3.056551228e-06 0.000000000e+00 1.245466080e-02 0.000000000e+00
6.598137870e+01 1.674346435e-02 2.724173181e-06 2.723434904e-06 0.000000000e+00 1.674074092e-02 0.000000000e+00
6.994826574e+01 2.156493018e-02 2.435222864e-06 2.434639100e-06 0.000000000e+00 2.156249554e-02 0.000000000e+00
7.415364723e+01 2.821861700e-02 2.136394476e-06 2.135938216e-06 0.000000000e+00 2.821648106e-02 0.000000000e+00
7.861186177e+01 3.620452475e-02 1.892625041e-06 1.892272812e-06 0.000000000e+00 3.620263248e-02 0.000000000e+00
8.333811002e+01 4.548381711e-02 1.715789155e-06 1.715502397e-06 0.000000000e+00 4.548210160e-02 0.000000000e+00
8.834850651e+01 5.709482892e-02 1.504050577e-06 1.503829979e-06 0.000000000e+00 5.709332509e-02 0.000000000e+00
9.366013462e+01 7.090499677e-02 1.328730456e-06 1.328560743e-06 0.000000000e+00 7.090366821e-02 0.000000000e+00
9.929110477e+01 8.738400844e-02 7.739742894e-07 7.738845641e-07 0.000000000e+00 8.738323455e-02 0.000000000e+00
1.052606162e+02 1.050394489e-01 0.000000000e+00 0.000000000e+00 0.000000000e+00 1.050394489e-01 0.000000000e+00
1.115890226e+02 1.265066807e-01 0.000000000e+00 0.000000000e+00 0.000000000e+00 1.265066807e-01 0.000000000e+00
1.182979010e+02 1.483751193e-01 0.000000000e+00 0.000000000e+00 0.000000000e+00 1.483751193e-01 0.000000000e+00
1.254101260e+02 1.735223286e-01 0.000000000e+00 0.000000000e+00 0.000000000e+00 1.735223286e-01 0.000000000e+00
1.329499472e+02 1.995344204e-01 0.000000000e+00 0.000000000e+00 0.000000000e+00 1.995344204e-01 0.000000000e+00
1.409430725e+02 2.261588408e-01 0.000000000e+00 0.000000000e+00 0.000000000e+00 2.261588408e-01 0.000000000e+00
1.494167549e+02 2.514999257e-01 0.000000000e+00 0.000000000e+00 0.000000000e+00 2.514999257e-01 0.000000000e+00
1.583998862e+02 2.758503519e-01 0.000000000e+00 0.000000000e+00 0.000000000e+00 2.758503519e-01 0.000000000e+00
1.679230951e+02 2.962513977e-01 0.000000000e+00 0.000000000e+00 0.000000000e+00 2.962513977e-01 0.000000000e+00
1.780188519e+02 3.148746113e-01 0.000000000e+00 0.000000000e+00 0.000000000e+00 3.148746113e-01 0.000000000e+00
1.887215788e+02 3.300892402e-01 0.000000000e+00 0.000000000e+00 0.000000000e+00 3.300892402e-01 0.000000000e+00
2.000677676e+02 3.431720321e-01 0.000000000e+00 0.000000000e+00 0.000000000e+00 3.431720321e-01 0.000000000e+00
2.120961043e+02 3.497047537e-01 0.000000000e+00 0.000000000e+00 0.000000000e+00 3.497047537e-01 0.000000000e+00
2.248476003e+02 3.550252336e-01 0.000000000e+00 0.000000000e+00 0.000000000e+00 3.550252336e-01 0.000000000e+00
2.383657330e+02 3.531682993e-01 0.000000000e+00 0.000000000e+00 0.000000000e+00 3.531682993e-01 0.000000000e+00
2.526965935e+02 3.462841042e-01 0.000000000e+00 0.000000000e+00 0.000000000e+00 3.462841042e-01 0.000000000e+00
2.678890442e+02 3.366955809e-01 0.000000000e+00 0.000000000e+00 0.000000000e+00 3.366955809e-01 0.000000000e+00
2.839948849e+02 3.260295142e-01 0.000000000e+00 0.000000000e+00 0.000000000e+00 3.260295142e-01 0.000000000e+00
3.010690299e+02 3.099997213e-01 0.000000000e+00 0.000000000e+00 0.000000000e+00 3.099997213e-01 0.000000000e+00
3.191696949e+02 2.905199970e-01 0.000000000e+00 0.000000000e+00 0.000000000e+00 2.905199970e-01 0.000000000e+00
3.383585957e+02 2.728478362e-01 0.000000000e+00 0.000000000e+00 0.000000000e+00 2.728478362e-01 0.000000000e+00
3.587011583e+02 2.513690661e-01 0.000000000e+00 0.000000000e+00 0.000000000e+00 2.513690661e-01 0.000000000e+00
3.802667425e+02 2.298646882e-01 0.000000000e+00 0.000000000e+00 0.000000000e+00 2.298646882e-01 0.000000000e+00
4.031288779e+02 2.087394268e-01 0.000000000e+00 0.000000000e+00 0.000000000e+00 2.087394268e-01 0.000000000e+00
4.273655148e+02 1.877302778e-01 0.000000000e+00 0.000000000e+00 0.000000000e+00 1.877302778e-01 0.000000000e+00
4.530592901e+02 1.672423840e-01 0.000000000e+00 0.000000000e+00 0.000000000e+00 1.672423840e-01 0.000000000e+00
4.802978090e+02 1.488443196e-01 0.000000000e+00 0.000000000e+00 0.000000000e+00 1.488443196e-01 0.000000000e+00
5.091739433e+02 1.315122090e-01 0.000000000e+00 0.000000000e+00 0.000000000e+00 1.315122090e-01 0.000000000e+00
5.397861487e+02 1.150043595e-01 0.000000000e+00 0.000000000e+00 0.000000000e+00 1.150043595e-01 0.000000000e+00
5.722388000e+02 9.968369530e-02 0.000000000e+00 0.000000000e+00 0.000000000e+00 9.968369530e-02 0.000000000e+00
6.066425473e+02 8.636694590e-02 0.000000000e+00 0.000000000e+00 0.000000000e+00 8.636694590e-02 0.000000000e+00
6.431146930e+02 7.423563735e-02 0.000000000e+00 0.000000000e+00 0.000000000e+00 7.423563735e-02 0.000000000e+00
6.817795920e+02 6.341242795e-02 0.000000000e+00 0.000000000e+00 0.000000000e+00 6.341242795e-02 0.000000000e+00
7.227690754e+02 5.447633052e-02 0.000000000e+00 0.000000000e+00 0.000000000e+00 5.447633052e-02 0.000000000e+00
7.662229003e+02 4.586503301e-02 0.000000000e+00 0.000000000e+00 0.000000000e+00 4.586503301e-02 0.000000000e+00
8.122892262e+02 3.935713480e-02 0.000000000e+00 0.000000000e+00 0.000000000e+00 3.935713480e-02 0.000000000e+00
8.611251200e+02 3.293259364e-02 0.000000000e+00 0.000000000e+00 0.000000000e+00 3.293259364e-02 0.000000000e+00
9.128970918e+02 2.760015728e-02 0.000000000e+00 0.000000000e+00 0.000000000e+00 2.760015728e-02 0.000000000e+00
9.677816625e+02 2.321245285e-02 0.000000000e+00 0.000000000e+00 0.000000000e+00 2.321245285e-02 0.000000000e+00
1.025965966e+03 2.024385616e-02 0.000000000e+00 0.000000000e+00 0.000000000e+00 2.024385616e-02 0.000000000e+00
1.087648385e+03 1.873901666e-02 0.000000000e+00 0.000000000e+00 0.000000000e+00 1.873901666e-02 0.000000000e+00
1.153039233e+03 1.749733358e-02 0.000000000e+00 0.000000000e+00 0.000000000e+00 1.749733358e-02 0.000000000e+00
1.222361464e+03 1.615583154e-02 0.000000000e+00 0.000000000e+00 0.000000000e+00 1.615583154e-02 0.000000000e+00
1.295851439e+03 1.486127946e-02 0.000000000e+00 0.000000000e+00 0.000000000e+00 1.486127946e-02 0.000000000e+00
1.373759727e+03 1.376502557e-02 0.000000000e+00 0.000000000e+00 0.000000000e+00 1.376502557e-02 0.000000000e+00
1.456351964e+03 1.247587090e-02 0.000000000e+00 0.000000000e+00 0.000000000e+00 1.247587090e-02 0.000000000e+00
1.543909754e+03 1.140130179e-02 0.000000000e+00 0.000000000e+00 0.000000000e+00 1.140130179e-02 0.000000000e+00
1.636731634e+03 1.054371431e-02 0.000000000e+00 0.000000000e+00 0.000000000e+00 1.054371431e-02 0.000000000e+00
1.735134087e+03 9.597376817e-03 0.000000000e+00 0.000000000e+00 0.000000000e+00 9.597376817e-03 0.000000000e+00
1.839452624e+03 8.859214263e-03 0.000000000e+00 0.000000000e+00 0.000000000e+00 8.859214263e-03 0.000000000e+00
1.950042929e+03 8.037287285e-03 0.000000000e+00 0.000000000e+00 0.000000000e+00 8.037287285e-03 0.000000000e+00
2.067282068e+03 7.261226041e-03 0.000000000e+00 0.000000000e+00 0.000000000e+00 7.261226041e-03 0.000000000e+00
2.191569778e+03 6.649847716e-03 0.000000000e+00 0.000000000e+00 0.000000000e+00 6.649847716e-03 0.000000000e+00
2.323329827e+03 6.008771919e-03 0.000000000e+00 0.000000000e+00 0.000000000e+00 6.008771919e-03 0.000000000e+00
2.463011464e+03 5.445050202e-03 0.000000000e+00 0.000000000e+00 0.000000000e+00 5.445050202e-03 0.000000000e+00
2.611090944e+03 4.884643463e-03 0.000000000e+00 0.000000000e+00 0.000000000e+00 4.884643463e-03 0.000000000e+00
2.768073157e+03 4.398998237e-03 0.000000000e+00 0.000000000e+00 0.000000000e+00 4.398998237e-03 0.000000000e+00
2.934493346e+03 4.030053560e-03 0.000000000e+00 0.000000000e+00 0.000000000e+00 4.030053560e-03 0.000000000e+00
3.110918936e+03 3.598507335e-03 0.000000000e+00 0.000000000e+00 0.000000000e+00 3.598507335e-03 0.000000000e+00
3.297951463e+03 3.226550328e-03 0.000000000e+00 0.000000000e+00 0.000000000e+00 3.226550328e-03 0.000000000e+00
3.496228631e+03 2.926955558e-03 0.000000000e+00 0.000000000e+00 0.000000000e+00 2.926955558e-03 0.000000000e+00
3.706426483e+03 2.618764168e-03 0.000000000e+00 0.000000000e+00 0.000000000e+00 2.618764168e-03 0.000000000e+00
3.929261705e+03 2.388406850e-03 0.000000000e+00 0.000000000e+00 0.000000000e+00 2.388406850e-03 0.000000000e+00
4.165494073e+03 2.163349166e-03 0.000000000e+00 0.000000000e+00 0.000000000e+00 2.163349166e-03 0.000000000e+00
4.415929040e+03 1.934537083e-03 0.000000000e+00 0.000000000e+00 0.000000000e+00 1.934537083e-03 0.000000000e+00
4.681420487e+03 1.712953235e-03 0.000000000e+00 0.000000000e+00 0.000000000e+00 1.712953235e-03 0.000000000e+00
4.962873628e+03 1.542316286e-03 0.000000000e+00 0.000000000e+00 0.000000000e+00 1.542316286e-03 0.000000000e+00
5.261248100e+03 1.391852521e-03 0.000000000e+00 0.000000000e+00 0.000000000e+00 1.391852521e-03 0.000000000e+00
5.577561237e+03 1.244161888e-03 0.000000000e+00 0.000000000e+00 0.000000000e+00 1.244161888e-03 0.000000000e+00
5.912891535e+03 1.116701531e-03 0.000000000e+00 0.000000000e+00 0.000000000e+00 1.116701531e-03 0.000000000e+00
6.268382331e+03 1.004350928e-03 0.000000000e+00 0.000000000e+00 0.000000000e+00 1.004350928e-03 0.000000000e+00
6.645245699e+03 8.935489978e-04 0.000000000e+00 0.000000000e+00 0.000000000e+00 8.935489978e-04 0.000000000e+00
7.044766588e+03 8.012748830e-04 0.000000000e+00 0.000000000e+00 0.000000000e+00 8.012748830e-04 0.000000000e+00
7.468307196e+03 7.206974385e-04 0.000000000e+00 0.000000000e+00 0.000000000e+00 7.206974385e-04 0.000000000e+00
7.917311621e+03 6.465390459e-04 0.000000000e+00 0.000000000e+00 0.000000000e+00 6.465390459e-04 0.000000000e+00
8.393310782e+03 5.755598052e-04 0.000000000e+00 0.000000000e+00 0.000000000e+00 5.755598052e-04 0.000000000e+00
8.897927636e+03 5.085349689e-04 0.000000000e+00 0.000000000e+00 0.000000000e+00 5.085349689e-04 0.000000000e+00
9.432882717e+03 4.626414697e-04 0.000000000e+00 0.000000000e+00 0.000000000e+00 4.626414697e-04 0.000000000e+00
1.000000000e+04 3.713577472e-04 0.000000000e+00 0.000000000e+00 0.000000000e+00 3.713577472e-04 0.000000000e+00
