# column 1: wavelength (micron)
# column 2: total flux; F_nu (Jy)
# column 3: transparent flux; F_nu (Jy)
# column 4: direct primary flux; F_nu (Jy)
# column 5: scattered primary flux; F_nu (Jy)
# column 6: direct secondary flux; F_nu (Jy)
# column 7: scattered secondary flux; F_nu (Jy)
9.000000000e-02 2.920677942e-03 3.405045367e-02 2.083007535e-03 8.376704077e-04 0.000000000e+00 0.000000000e+00
9.541091806e-02 1.825514347e-02 1.761038234e-01 1.293445319e-02 5.320690284e-03 0.000000000e+00 0.000000000e+00
1.011471476e-01 3.162175190e-02 2.099189467e-01 2.284222886e-02 8.779523038e-03 0.000000000e+00 0.000000000e+00
1.072282468e-01 5.503926050e-02 2.378080280e-01 4.162492149e-02 1.341433901e-02 0.000000000e+00 0.000000000e+00
1.136749497e-01 7.125877841e-02 2.380645534e-01 5.507467227e-02 1.618410613e-02 0.000000000e+00 0.000000000e+00
1.205092367e-01 6.314233123e-02 1.981264174e-01 4.739255687e-02 1.574977436e-02 0.000000000e+00 0.000000000e+00
1.277544101e-01 9.339172762e-02 2.307655317e-01 7.355304279e-02 1.983868483e-02 0.000000000e+00 0.000000000e+00
1.354351729e-01 1.092541909e-01 2.337667385e-01 8.777615709e-02 2.147803378e-02 0.000000000e+00 0.000000000e+00
1.435777131e-01 1.181252422e-01 2.231005487e-01 9.533916394e-02 2.278607821e-02 0.000000000e+00 0.000000000e+00
1.522097936e-01 1.306855743e-01 2.167267817e-01 1.045064541e-01 2.617912021e-02 0.000000000e+00 0.000000000e+00
1.613608460e-01 1.428665672e-01 2.105659964e-01 1.125776567e-01 3.028891052e-02 0.000000000e+00 0.000000000e+00
1.710620718e-01 1.523624480e-01 2.068086333e-01 1.185569778e-01 3.380547022e-02 0.000000000e+00 0.000000000e+00
1.813465479e-01 1.577873942e-01 2.029778803e-01 1.229434558e-01 3.484393844e-02 0.000000000e+00 0.000000000e+00
1.922493402e-01 1.549380173e-01 1.953764469e-01 1.212149681e-01 3.372304915e-02 0.000000000e+00 0.000000000e+00
2.038076228e-01 1.481199379e-01 1.884936273e-01 1.170083282e-01 3.111160969e-02 0.000000000e+00 0.000000000e+00
2.160608044e-01 1.475970486e-01 1.868194379e-01 1.186387493e-01 2.895829930e-02 0.000000000e+00 0.000000000e+00
2.290506634e-01 1.483370696e-01 1.790239024e-01 1.217842596e-01 2.655280992e-02 0.000000000e+00 0.000000000e+00
2.428214897e-01 1.478775365e-01 1.703042893e-01 1.238440379e-01 2.403349855e-02 0.000000000e+00 0.000000000e+00
2.574202362e-01 1.492419651e-01 1.668463282e-01 1.276045014e-01 2.163746369e-02 0.000000000e+00 0.000000000e+00
2.728966785e-01 1.517616565e-01 1.665232639e-01 1.326195130e-01 1.914214350e-02 0.000000000e+00 0.000000000e+00
2.893035848e-01 1.546281968e-01 1.673920310e-01 1.383953892e-01 1.623280760e-02 0.000000000e+00 0.000000000e+00
3.066968958e-01 1.589772716e-01 1.702251169e-01 1.449742324e-01 1.400303918e-02 0.000000000e+00 0.000000000e+00
3.251359155e-01 1.584949103e-01 1.681745448e-01 1.465207424e-01 1.197416783e-02 0.000000000e+00 0.000000000e+00
3.446835132e-01 1.612774066e-01 1.699566831e-01 1.509187349e-01 1.035867171e-02 0.000000000e+00 0.000000000e+00
3.654063382e-01 1.704129492e-01 1.783495781e-01 1.611833239e-01 9.229625344e-03 0.000000000e+00 0.000000000e+00
3.873750465e-01 2.650170828e-01 2.746953593e-01 2.540805997e-01 1.093648305e-02 0.000000000e+00 0.000000000e+00
4.106645425e-01 3.185671040e-01 3.285537571e-01 3.080451368e-01 1.052196722e-02 0.000000000e+00 0.000000000e+00
4.353542335e-01 3.103859278e-01 3.190661784e-01 3.014327525e-01 8.953175252e-03 0.000000000e+00 0.000000000e+00
4.615283011e-01 3.254841473e-01 3.334539469e-01 3.173613097e-01 8.122837573e-03 0.000000000e+00 0.000000000e+00
4.892759879e-01 3.098361023e-01 3.166854103e-01 3.030497743e-01 6.786328061e-03 0.000000000e+00 0.000000000e+00
5.186919022e-01 3.136637791e-01 3.199017749e-01 3.078262904e-01 5.837488620e-03 0.000000000e+00 0.000000000e+00
5.498763397e-01 3.167852696e-01 3.224874062e-01 3.117735766e-01 5.011693000e-03 0.000000000e+00 0.000000000e+00
5.829356266e-01 3.216511501e-01 3.268235086e-01 3.172756472e-01 4.375502993e-03 0.000000000e+00 0.000000000e+00
6.179824811e-01 3.252676671e-01 3.300052577e-01 3.214339621e-01 3.833704966e-03 0.000000000e+00 0.000000000e+00
6.551363985e-01 3.197257450e-01 3.239498712e-01 3.164462806e-01 3.279464396e-03 0.000000000e+00 0.000000000e+00
6.945240582e-01 3.246384829e-01 3.285365350e-01 3.217785125e-01 2.859970368e-03 0.000000000e+00 0.000000000e+00
7.362797556e-01 3.254232331e-01 3.289473027e-01 3.229567084e-01 2.466524718e-03 0.000000000e+00 0.000000000e+00
7.805458603e-01 3.258988740e-01 3.291018246e-01 3.238059934e-01 2.092880559e-03 0.000000000e+00 0.000000000e+00
8.274733014e-01 3.204837896e-01 3.233724664e-01 3.187058172e-01 1.777972348e-03 0.000000000e+00 0.000000000e+00
8.772220817e-01 3.253982148e-01 3.280833259e-01 3.238132893e-01 1.584925498e-03 0.000000000e+00 0.000000000e+00
9.299618239e-01 3.274234005e-01 3.298827455e-01 3.260474721e-01 1.375928341e-03 0.000000000e+00 0.000000000e+00
9.858723487e-01 3.184662426e-01 3.206351897e-01 3.173338563e-01 1.132386353e-03 2.936093567e-57 3.297822684e-59
1.045144288e+00 3.087481555e-01 3.106776664e-01 3.078208789e-01 9.272765094e-04 8.411264308e-54 7.949403502e-56
1.107979733e+00 2.910292051e-01 2.926866770e-01 2.902720065e-01 7.571986686e-04 1.650867288e-50 1.407805156e-52
1.174592928e+00 2.818793292e-01 2.833446154e-01 2.812524024e-01 6.269268599e-04 2.111957018e-47 1.577408995e-49
1.245210996e+00 2.724354943e-01 2.737361751e-01 2.719115918e-01 5.239024864e-04 1.863338778e-44 1.204590909e-46
1.320074714e+00 2.673767204e-01 2.685402315e-01 2.669399159e-01 4.368045392e-04 1.028002222e-41 5.589655043e-44
1.399439338e+00 2.642915434e-01 2.653526054e-01 2.639328131e-01 3.587302421e-04 4.116930148e-39 1.816173738e-41
1.483575466e+00 2.592813802e-01 2.602260634e-01 2.589844907e-01 2.968894872e-04 1.141844499e-36 4.505842759e-39
1.572769969e+00 2.649242741e-01 2.658214231e-01 2.646691587e-01 2.551153550e-04 2.331866212e-34 7.783726745e-37
1.667326963e+00 2.632142996e-01 2.640250328e-01 2.630013819e-01 2.129177828e-04 3.427217163e-32 9.721102391e-35
1.767568847e+00 2.499110772e-01 2.506384081e-01 2.497395643e-01 1.715128878e-04 3.937005207e-30 9.446513738e-33
1.873837405e+00 2.302682541e-01 2.308805090e-01 2.301362327e-01 1.320213273e-04 3.139501372e-28 6.390036756e-31
1.986494968e+00 2.159812397e-01 2.165143967e-01 2.158775585e-01 1.036812425e-04 2.059286295e-26 3.563666035e-29
2.105925651e+00 1.996003447e-01 2.000636354e-01 1.995213458e-01 7.899891726e-05 1.007565115e-24 1.458745064e-27
2.232536664e+00 1.799093571e-01 1.802974274e-01 1.798497303e-01 5.962676033e-05 4.203056503e-23 5.036065290e-26
2.366759696e+00 1.634059008e-01 1.637388218e-01 1.633608719e-01 4.502888424e-05 1.306098054e-21 1.286632270e-24
2.509052394e+00 1.401986308e-01 1.404656608e-01 1.401673195e-01 3.131132104e-05 3.403377718e-20 2.815031962e-23
2.659899915e+00 1.390856612e-01 1.393340016e-01 1.390613526e-01 2.430856428e-05 7.135289993e-19 4.881039323e-22
2.819816587e+00 1.340612108e-01 1.342827717e-01 1.340428838e-01 1.832701771e-05 1.263421920e-17 7.021107302e-21
2.989347660e+00 1.118856259e-01 1.120630097e-01 1.118736725e-01 1.195346471e-05 1.816850833e-16 8.390952122e-20
3.169071162e+00 1.008182394e-01 1.009680885e-01 1.008103926e-01 7.846825597e-06 2.400460147e-15 9.001084318e-19
3.359599877e+00 9.931447305e-02 9.945570294e-02 9.930931686e-02 5.156194452e-06 2.496281509e-14 7.702132419e-18
3.561583429e+00 9.455391575e-02 9.468013244e-02 9.455078146e-02 3.134291314e-06 2.353686906e-13 5.904822341e-17
3.775710497e+00 8.022983203e-02 8.033218824e-02 8.022830325e-02 1.528781567e-06 1.895017188e-12 3.818449672e-16
4.002711165e+00 7.219643935e-02 7.228202673e-02 7.219555947e-02 8.798577268e-07 1.351234975e-11 2.212662423e-15
4.243359411e+00 6.902276937e-02 6.909946589e-02 6.902217725e-02 5.920363212e-07 8.255153060e-11 1.045054983e-14
4.498475745e+00 5.878747582e-02 5.884990560e-02 5.878709857e-02 3.767691522e-07 4.751672617e-10 3.157636411e-14
4.768930007e+00 5.176567665e-02 5.181741383e-02 5.176554754e-02 1.267953206e-07 2.315054408e-09 1.575410414e-14
5.055644335e+00 4.671857301e-02 4.676333124e-02 4.671850302e-02 5.951211487e-08 1.048057808e-08 1.099711255e-16
5.359596304e+00 4.333963308e-02 4.337972983e-02 4.333958407e-02 6.383937777e-09 4.262944894e-08 2.590043207e-29
5.681822265e+00 4.053873316e-02 4.057478627e-02 4.053857095e-02 0.000000000e+00 1.622144921e-07 0.000000000e+00
6.023420872e+00 3.654136502e-02 3.657366414e-02 3.654081007e-02 0.000000000e+00 5.549481582e-07 0.000000000e+00
6.385556837e+00 3.249204853e-02 3.251885447e-02 3.249029529e-02 0.000000000e+00 1.753243284e-06 0.000000000e+00
6.769464890e+00 2.899209223e-02 2.901229333e-02 2.898702876e-02 0.000000000e+00 5.063469798e-06 0.000000000e+00
7.176453999e+00 2.632330500e-02 2.633215847e-02 2.630854581e-02 0.000000000e+00 1.475919496e-05 0.000000000e+00
7.607911827e+00 2.379722762e-02 2.378497823e-02 2.375464608e-02 0.000000000e+00 4.258153758e-05 0.000000000e+00
8.065309466e+00 2.166620717e-02 2.158336252e-02 2.152712305e-02 0.000000000e+00 1.390841202e-04 0.000000000e+00
8.550206451e+00 1.990015079e-02 1.949210850e-02 1.939445545e-02 0.000000000e+00 5.056953447e-04 0.000000000e+00
9.064256079e+00 1.942242570e-02 1.785714380e-02 1.772574714e-02 0.000000000e+00 1.696678560e-03 0.000000000e+00
9.609211044e+00 2.109796326e-02 1.657211312e-02 1.643028839e-02 0.000000000e+00 4.667674870e-03 0.000000000e+00
1.018692942e+01 2.429834534e-02 1.482439438e-02 1.471180432e-02 0.000000000e+00 9.586541017e-03 0.000000000e+00
1.079938098e+01 3.039044571e-02 1.286710793e-02 1.278850357e-02 0.000000000e+00 1.760194214e-02 0.000000000e+00
1.144865393e+01 4.056084595e-02 1.112585350e-02 1.107399189e-02 0.000000000e+00 2.948685406e-02 0.000000000e+00
1.213696202e+01 5.507212481e-02 9.679686608e-03 9.645418792e-03 0.000000000e+00 4.542670602e-02 0.000000000e+00
1.286665210e+01 7.701755313e-02 8.349755136e-03 8.327172601e-03 0.000000000e+00 6.869038053e-02 0.000000000e+00
1.364021210e+01 1.108267254e-01 7.418399093e-03 7.402581471e-03 0.000000000e+00 1.034241439e-01 0.000000000e+00
1.446027954e+01 1.810664638e-01 6.462396464e-03 6.449601612e-03 0.000000000e+00 1.746168622e-01 0.000000000e+00
1.532965052e+01 3.266104942e-01 5.499204412e-03 5.486715065e-03 0.000000000e+00 3.211237792e-01 0.000000000e+00
1.625128922e+01 6.127773609e-01 4.822923578e-03 4.810154531e-03 0.000000000e+00 6.079672063e-01 0.000000000e+00
1.722833804e+01 1.102252202e+00 4.163075230e-03 4.150424043e-03 0.000000000e+00 1.098101778e+00 0.000000000e+00
1.826412832e+01 1.751440897e+00 3.599151594e-03 3.587661444e-03 0.000000000e+00 1.747853236e+00 0.000000000e+00
1.936219168e+01 2.480407261e+00 3.198347018e-03 3.188623115e-03 0.000000000e+00 2.477218638e+00 0.000000000e+00
2.052627204e+01 3.251977734e+00 2.795703434e-03 2.788215617e-03 0.000000000e+00 3.249189518e+00 0.000000000e+00
2.176033844e+01 4.135721998e+00 2.488613485e-03 2.482636570e-03 0.000000000e+00 4.133239361e+00 0.000000000e+00
2.306859853e+01 5.145170179e+00 2.215894922e-03 2.211205612e-03 0.000000000e+00 5.142958973e+00 0.000000000e+00
2.445551294e+01 6.345953309e+00 1.956302347e-03 1.952636757e-03 0.000000000e+00 6.344000672e+00 0.000000000e+00
2.592581045e+01 7.681065588e+00 1.749012859e-03 1.746109841e-03 0.000000000e+00 7.679319478e+00 0.000000000e+00
2.748450419e+01 9.117129505e+00 1.551273796e-03 1.548990360e-03 0.000000000e+00 9.115580514e+00 0.000000000e+00
2.913690863e+01 1.080504913e+01 1.391601392e-03 1.389774649e-03 0.000000000e+00 1.080365935e+01 0.000000000e+00
3.088865780e+01 1.262968924e+01 1.228839131e-03 1.227397476e-03 0.000000000e+00 1.262846184e+01 0.000000000e+00
3.274572442e+01 1.436820531e+01 1.098217239e-03 1.097062097e-03 0.000000000e+00 1.436710825e+01 0.000000000e+00
3.471444033e+01 1.638618997e+01 9.774153485e-04 9.764906481e-04 0.000000000e+00 1.638521348e+01 0.000000000e+00
3.680151802e+01 1.852727931e+01 8.754217356e-04 8.746752044e-04 0.000000000e+00 1.852640463e+01 0.000000000e+00
3.901407356e+01 2.049089816e+01 7.870638486e-04 7.864685253e-04 0.000000000e+00 2.049011169e+01 0.000000000e+00
4.135965084e+01 2.259420888e+01 6.970946713e-04 6.966252733e-04 0.000000000e+00 2.259351225e+01 0.000000000e+00
4.384624730e+01 2.446539607e+01 6.113965486e-04 6.110316721e-04 0.000000000e+00 2.446478504e+01 0.000000000e+00
4.648234121e+01 2.628863748e+01 5.590984336e-04 5.587995767e-04 0.000000000e+00 2.628807868e+01 0.000000000e+00
4.927692053e+01 2.776376098e+01 4.912994001e-04 4.910648351e-04 0.000000000e+00 2.776326991e+01 0.000000000e+00
5.223951363e+01 2.916737401e+01 4.369582304e-04 4.367745519e-04 0.000000000e+00 2.916693724e+01 0.000000000e+00
5.538022172e+01 3.007950936e+01 3.852988216e-04 3.851552212e-04 0.000000000e+00 3.007912420e+01 0.000000000e+00
5.870975330e+01 3.108773229e+01 3.430469647e-04 3.429330235e-04 0.000000000e+00 3.108738936e+01 0.000000000e+00
6.223946068e+01 3.179698771e+01 3.083986788e-04 3.083078802e-04 0.000000000e+00 3.179667940e+01 0.000000000e+00
6.598137870e+01 3.212575704e+01 2.736071509e-04 2.735365821e-04 0.000000000e+00 3.212548350e+01 0.000000000e+00
6.994826574e+01 3.230264497e+01 2.411752768e-04 2.411203105e-04 0.000000000e+00 3.230240385e+01 0.000000000e+00
7.415364723e+01 3.227541105e+01 2.143121717e-04 2.142683686e-04 0.000000000e+00 3.227519678e+01 0.000000000e+00
7.861186177e+01 3.191334587e+01 1.910356414e-04 1.910013551e-04 0.000000000e+00 3.191315487e+01 0.000000000e+00
8.333811002e+01 3.153355406e+01 1.720653842e-04 1.720383847e-04 0.000000000e+00 3.153338203e+01 0.000000000e+00
8.834850651e+01 3.066142449e+01 1.520747417e-04 1.520535180e-04 0.000000000e+00 3.066127244e+01 0.000000000e+00
9.366013462e+01 2.984998394e+01 1.355585263e-04 1.355417318e-04 0.000000000e+00 2.984984840e+01 0.000000000e+00
9.929110477e+01 2.892573174e+01 7.655462655e-05 7.654608583e-05 0.000000000e+00 2.892565520e+01 0.000000000e+00
1.052606162e+02 2.741891623e+01 0.000000000e+00 0.000000000e+00 0.000000000e+00 2.741891623e+01 0.000000000e+00
1.115890226e+02 2.611135604e+01 0.000000000e+00 0.000000000e+00 0.000000000e+00 2.611135604e+01 0.000000000e+00
1.182979010e+02 2.454570121e+01 0.000000000e+00 0.000000000e+00 0.000000000e+00 2.454570121e+01 0.000000000e+00
1.254101260e+02 2.303878973e+01 0.000000000e+00 0.000000000e+00 0.000000000e+00 2.303878973e+01 0.000000000e+00
1.329499472e+02 2.130596031e+01 0.000000000e+00 0.000000000e+00 0.000000000e+00 2.130596031e+01 0.000000000e+00
1.409430725e+02 1.977126343e+01 0.000000000e+00 0.000000000e+00 0.000000000e+00 1.977126343e+01 0.000000000e+00
1.494167549e+02 1.809696731e+01 0.000000000e+00 0.000000000e+00 0.000000000e+00 1.809696731e+01 0.000000000e+00
1.583998862e+02 1.652680175e+01 0.000000000e+00 0.000000000e+00 0.000000000e+00 1.652680175e+01 0.000000000e+00
1.679230951e+02 1.457871411e+01 0.000000000e+00 0.000000000e+00 0.000000000e+00 1.457871411e+01 0.000000000e+00
1.780188519e+02 1.323887318e+01 0.000000000e+00 0.000000000e+00 0.000000000e+00 1.323887318e+01 0.000000000e+00
1.887215788e+02 1.170590534e+01 0.000000000e+00 0.000000000e+00 0.000000000e+00 1.170590534e+01 0.000000000e+00
2.000677676e+02 1.040222229e+01 0.000000000e+00 0.000000000e+00 0.000000000e+00 1.040222229e+01 0.000000000e+00
2.120961043e+02 9.095009261e+00 0.000000000e+00 0.000000000e+00 0.000000000e+00 9.095009261e+00 0.000000000e+00
2.248476003e+02 7.933623106e+00 0.000000000e+00 0.000000000e+00 0.000000000e+00 7.933623106e+00 0.000000000e+00
2.383657330e+02 6.846838097e+00 0.000000000e+00 0.000000000e+00 0.000000000e+00 6.846838097e+00 0.000000000e+00
2.526965935e+02 5.860823042e+00 0.000000000e+00 0.000000000e+00 0.000000000e+00 5.860823042e+00 0.000000000e+00
2.678890442e+02 5.094205405e+00 0.000000000e+00 0.000000000e+00 0.000000000e+00 5.094205405e+00 0.000000000e+00
2.839948849e+02 4.321287292e+00 0.000000000e+00 0.000000000e+00 0.000000000e+00 4.321287292e+00 0.000000000e+00
3.010690299e+02 3.642706351e+00 0.000000000e+00 0.000000000e+00 0.000000000e+00 3.642706351e+00 0.000000000e+00
3.191696949e+02 3.091933846e+00 0.000000000e+00 0.000000000e+00 0.000000000e+00 3.091933846e+00 0.000000000e+00
3.383585957e+02 2.588587680e+00 0.000000000e+00 0.000000000e+00 0.000000000e+00 2.588587680e+00 0.000000000e+00
3.587011583e+02 2.166614377e+00 0.000000000e+00 0.000000000e+00 0.000000000e+00 2.166614377e+00 0.000000000e+00
3.802667425e+02 1.846449663e+00 0.000000000e+00 0.000000000e+00 0.000000000e+00 1.846449663e+00 0.000000000e+00
4.031288779e+02 1.530493701e+00 0.000000000e+00 0.000000000e+00 0.000000000e+00 1.530493701e+00 0.000000000e+00
4.273655148e+02 1.264733152e+00 0.000000000e+00 0.000000000e+00 0.000000000e+00 1.264733152e+00 0.000000000e+00
4.530592901e+02 1.050369338e+00 0.000000000e+00 0.000000000e+00 0.000000000e+00 1.050369338e+00 0.000000000e+00
4.802978090e+02 8.710009222e-01 0.000000000e+00 0.000000000e+00 0.000000000e+00 8.710009222e-01 0.000000000e+00
5.091739433e+02 7.050104050e-01 0.000000000e+00 0.000000000e+00 0.000000000e+00 7.050104050e-01 0.000000000e+00
5.397861487e+02 5.883544236e-01 0.000000000e+00 0.000000000e+00 0.000000000e+00 5.883544236e-01 0.000000000e+00
5.722388000e+02 4.803148611e-01 0.000000000e+00 0.000000000e+00 0.000000000e+00 4.803148611e-01 0.000000000e+00
6.066425473e+02 3.877979318e-01 0.000000000e+00 0.000000000e+00 0.000000000e+00 3.877979318e-01 0.000000000e+00
6.431146930e+02 3.186788864e-01 0.000000000e+00 0.000000000e+00 0.000000000e+00 3.186788864e-01 0.000000000e+00
6.817795920e+02 2.644521269e-01 0.000000000e+00 0.000000000e+00 0.000000000e+00 2.644521269e-01 0.000000000e+00
7.227690754e+02 2.130271412e-01 0.000000000e+00 0.000000000e+00 0.000000000e+00 2.130271412e-01 0.000000000e+00
7.662229003e+02 1.718839657e-01 0.000000000e+00 0.000000000e+00 0.000000000e+00 1.718839657e-01 0.000000000e+00
8.122892262e+02 1.388675001e-01 0.000000000e+00 0.000000000e+00 0.000000000e+00 1.388675001e-01 0.000000000e+00
8.611251200e+02 1.130426553e-01 0.000000000e+00 0.000000000e+00 0.000000000e+00 1.130426553e-01 0.000000000e+00
9.128970918e+02 9.310258360e-02 0.000000000e+00 0.000000000e+00 0.000000000e+00 9.310258360e-02 0.000000000e+00
9.677816625e+02 7.460637544e-02 0.000000000e+00 0.000000000e+00 0.000000000e+00 7.460637544e-02 0.000000000e+00
1.025965966e+03 6.352613373e-02 0.000000000e+00 0.000000000e+00 0.000000000e+00 6.352613373e-02 0.000000000e+00
1.087648385e+03 5.703947664e-02 0.000000000e+00 0.000000000e+00 0.000000000e+00 5.703947664e-02 0.000000000e+00
1.153039233e+03 5.169442203e-02 0.000000000e+00 0.000000000e+00 0.000000000e+00 5.169442203e-02 0.000000000e+00
1.222361464e+03 4.701754031e-02 0.000000000e+00 0.000000000e+00 0.000000000e+00 4.701754031e-02 0.000000000e+00
1.295851439e+03 4.253226368e-02 0.000000000e+00 0.000000000e+00 0.000000000e+00 4.253226368e-02 0.000000000e+00
1.373759727e+03 3.777856780e-02 0.000000000e+00 0.000000000e+00 0.000000000e+00 3.777856780e-02 0.000000000e+00
1.456351964e+03 3.415005555e-02 0.000000000e+00 0.000000000e+00 0.000000000e+00 3.415005555e-02 0.000000000e+00
1.543909754e+03 3.064201262e-02 0.000000000e+00 0.000000000e+00 0.000000000e+00 3.064201262e-02 0.000000000e+00
1.636731634e+03 2.791530302e-02 0.000000000e+00 0.000000000e+00 0.000000000e+00 2.791530302e-02 0.000000000e+00
1.735134087e+03 2.516940602e-02 0.000000000e+00 0.000000000e+00 0.000000000e+00 2.516940602e-02 0.000000000e+00
1.839452624e+03 2.244005963e-02 0.000000000e+00 0.000000000e+00 0.000000000e+00 2.244005963e-02 0.000000000e+00
1.950042929e+03 2.006475887e-02 0.000000000e+00 0.000000000e+00 0.000000000e+00 2.006475887e-02 0.000000000e+00
2.067282068e+03 1.794613127e-02 0.000000000e+00 0.000000000e+00 0.000000000e+00 1.794613127e-02 0.000000000e+00
2.191569778e+03 1.648020052e-02 0.000000000e+00 0.000000000e+00 0.000000000e+00 1.648020052e-02 0.000000000e+00
2.323329827e+03 1.471897849e-02 0.000000000e+00 0.000000000e+00 0.000000000e+00 1.471897849e-02 0.000000000e+00
2.463011464e+03 1.291042503e-02 0.000000000e+00 0.000000000e+00 0.000000000e+00 1.291042503e-02 0.000000000e+00
2.611090944e+03 1.170634385e-02 0.000000000e+00 0.000000000e+00 0.000000000e+00 1.170634385e-02 0.000000000e+00
2.768073157e+03 1.046621388e-02 0.000000000e+00 0.000000000e+00 0.000000000e+00 1.046621388e-02 0.000000000e+00
2.934493346e+03 9.287407417e-03 0.000000000e+00 0.000000000e+00 0.000000000e+00 9.287407417e-03 0.000000000e+00
3.110918936e+03 8.356464317e-03 0.000000000e+00 0.000000000e+00 0.000000000e+00 8.356464317e-03 0.000000000e+00
3.297951463e+03 7.492511941e-03 0.000000000e+00 0.000000000e+00 0.000000000e+00 7.492511941e-03 0.000000000e+00
3.496228631e+03 6.687306931e-03 0.000000000e+00 0.000000000e+00 0.000000000e+00 6.687306931e-03 0.000000000e+00
3.706426483e+03 5.953741923e-03 0.000000000e+00 0.000000000e+00 0.000000000e+00 5.953741923e-03 0.000000000e+00
3.929261705e+03 5.303887447e-03 0.000000000e+00 0.000000000e+00 0.000000000e+00 5.303887447e-03 0.000000000e+00
4.165494073e+03 4.745486591e-03 0.000000000e+00 0.000000000e+00 0.000000000e+00 4.745486591e-03 0.000000000e+00
4.415929040e+03 4.283161787e-03 0.000000000e+00 0.000000000e+00 0.000000000e+00 4.283161787e-03 0.000000000e+00
4.681420487e+03 3.822190099e-03 0.000000000e+00 0.000000000e+00 0.000000000e+00 3.822190099e-03 0.000000000e+00
4.962873628e+03 3.409746404e-03 0.000000000e+00 0.000000000e+00 0.000000000e+00 3.409746404e-03 0.000000000e+00
5.261248100e+03 3.047035898e-03 0.000000000e+00 0.000000000e+00 0.000000000e+00 3.047035898e-03 0.000000000e+00
5.577561237e+03 2.712987818e-03 0.000000000e+00 0.000000000e+00 0.000000000e+00 2.712987818e-03 0.000000000e+00
5.912891535e+03 2.455449081e-03 0.000000000e+00 0.000000000e+00 0.000000000e+00 2.455449081e-03 0.000000000e+00
6.268382331e+03 2.139025896e-03 0.000000000e+00 0.000000000e+00 0.000000000e+00 2.139025896e-03 0.000000000e+00
6.645245699e+03 1.914585998e-03 0.000000000e+00 0.000000000e+00 0.000000000e+00 1.914585998e-03 0.000000000e+00
7.044766588e+03 1.732846649e-03 0.000000000e+00 0.000000000e+00 0.000000000e+00 1.732846649e-03 0.000000000e+00
7.468307196e+03 1.548811302e-03 0.000000000e+00 0.000000000e+00 0.000000000e+00 1.548811302e-03 0.000000000e+00
7.917311621e+03 1.367122054e-03 0.000000000e+00 0.000000000e+00 0.000000000e+00 1.367122054e-03 0.000000000e+00
8.393310782e+03 1.231722679e-03 0.000000000e+00 0.000000000e+00 0.000000000e+00 1.231722679e-03 0.000000000e+00
8.897927636e+03 1.076537345e-03 0.000000000e+00 0.000000000e+00 0.000000000e+00 1.076537345e-03 0.000000000e+00
9.432882717e+03 9.633870708e-04 0.000000000e+00 0.000000000e+00 0.000000000e+00 9.633870708e-04 0.000000000e+00
1.000000000e+04 7.863519404e-04 0.000000000e+00 0.000000000e+00 0.000000000e+00 7.863519404e-04 0.000000000e+00
