# column 1: wavelength (micron)
# column 2: total flux; F_nu (Jy)
# column 3: transparent flux; F_nu (Jy)
# column 4: direct primary flux; F_nu (Jy)
# column 5: scattered primary flux; F_nu (Jy)
# column 6: direct secondary flux; F_nu (Jy)
# column 7: scattered secondary flux; F_nu (Jy)
9.000000000e-02 1.405983859e-02 3.376999515e-02 1.155735337e-02 2.502485212e-03 0.000000000e+00 0.000000000e+00
9.541091806e-02 7.879064437e-02 1.756359969e-01 6.466068353e-02 1.412996085e-02 0.000000000e+00 0.000000000e+00
1.011471476e-01 1.071106074e-01 2.097748163e-01 8.852162575e-02 1.858898161e-02 0.000000000e+00 0.000000000e+00
1.072282468e-01 1.387826358e-01 2.369457264e-01 1.168278409e-01 2.195479490e-02 0.000000000e+00 0.000000000e+00
1.136749497e-01 1.517286959e-01 2.373618318e-01 1.290092027e-01 2.271949317e-02 0.000000000e+00 0.000000000e+00
1.205092367e-01 1.311902808e-01 1.994983521e-01 1.103492117e-01 2.084106909e-02 0.000000000e+00 0.000000000e+00
1.277544101e-01 1.616430700e-01 2.292807641e-01 1.388275014e-01 2.281556862e-02 0.000000000e+00 0.000000000e+00
1.354351729e-01 1.721927276e-01 2.329661028e-01 1.489738855e-01 2.321884217e-02 0.000000000e+00 0.000000000e+00
1.435777131e-01 1.722106948e-01 2.241008167e-01 1.497427140e-01 2.246798080e-02 0.000000000e+00 0.000000000e+00
1.522097936e-01 1.736706493e-01 2.174759200e-01 1.513228657e-01 2.234778355e-02 0.000000000e+00 0.000000000e+00
1.613608460e-01 1.733659212e-01 2.106959826e-01 1.510602562e-01 2.230566498e-02 0.000000000e+00 0.000000000e+00
1.710620718e-01 1.736985471e-01 2.066708323e-01 1.505810131e-01 2.311753406e-02 0.000000000e+00 0.000000000e+00
1.813465479e-01 1.728669883e-01 2.024101355e-01 1.487983748e-01 2.406861345e-02 0.000000000e+00 0.000000000e+00
1.922493402e-01 1.695150132e-01 1.959628093e-01 1.440618048e-01 2.545320831e-02 0.000000000e+00 0.000000000e+00
2.038076228e-01 1.640479098e-01 1.885673811e-01 1.373760520e-01 2.667185776e-02 0.000000000e+00 0.000000000e+00
2.160608044e-01 1.641644030e-01 1.871721548e-01 1.361341864e-01 2.803021658e-02 0.000000000e+00 0.000000000e+00
2.290506634e-01 1.601902653e-01 1.785602804e-01 1.321834780e-01 2.800678725e-02 0.000000000e+00 0.000000000e+00
2.428214897e-01 1.552384416e-01 1.699741082e-01 1.277682646e-01 2.747017693e-02 0.000000000e+00 0.000000000e+00
2.574202362e-01 1.543890451e-01 1.669638694e-01 1.277214538e-01 2.666759138e-02 0.000000000e+00 0.000000000e+00
2.728966785e-01 1.553750613e-01 1.665755992e-01 1.288598258e-01 2.651523558e-02 0.000000000e+00 0.000000000e+00
2.893035848e-01 1.575748248e-01 1.678185179e-01 1.319787391e-01 2.559608572e-02 0.000000000e+00 0.000000000e+00
3.066968958e-01 1.585962053e-01 1.679185349e-01 1.346661197e-01 2.393008557e-02 0.000000000e+00 0.000000000e+00
3.251359155e-01 1.600394315e-01 1.685443952e-01 1.367782569e-01 2.326117460e-02 0.000000000e+00 0.000000000e+00
3.446835132e-01 1.619620008e-01 1.697582070e-01 1.393133287e-01 2.264867212e-02 0.000000000e+00 0.000000000e+00
3.654063382e-01 1.717574579e-01 1.793458114e-01 1.494714681e-01 2.228598981e-02 0.000000000e+00 0.000000000e+00
3.873750465e-01 2.655823783e-01 2.748600543e-01 2.361743349e-01 2.940804338e-02 0.000000000e+00 0.000000000e+00
4.106645425e-01 3.202014419e-01 3.298648087e-01 2.883319419e-01 3.186950000e-02 0.000000000e+00 0.000000000e+00
4.353542335e-01 3.110176643e-01 3.200865796e-01 2.816329292e-01 2.938473512e-02 0.000000000e+00 0.000000000e+00
4.615283011e-01 3.255644717e-01 3.340260551e-01 2.958936585e-01 2.967081318e-02 0.000000000e+00 0.000000000e+00
4.892759879e-01 3.103053060e-01 3.182970697e-01 2.833510361e-01 2.695426994e-02 0.000000000e+00 0.000000000e+00
5.186919022e-01 3.141316081e-01 3.214193027e-01 2.888306614e-01 2.530094667e-02 0.000000000e+00 0.000000000e+00
5.498763397e-01 3.162968491e-01 3.228904963e-01 2.924985318e-01 2.379831730e-02 0.000000000e+00 0.000000000e+00
5.829356266e-01 3.206142315e-01 3.270628194e-01 2.982237505e-01 2.239048101e-02 0.000000000e+00 0.000000000e+00
6.179824811e-01 3.211790800e-01 3.270502030e-01 3.000653259e-01 2.111375412e-02 0.000000000e+00 0.000000000e+00
6.551363985e-01 3.202680112e-01 3.258902030e-01 3.005331591e-01 1.973485213e-02 0.000000000e+00 0.000000000e+00
6.945240582e-01 3.245490779e-01 3.298965595e-01 3.062554022e-01 1.829367576e-02 0.000000000e+00 0.000000000e+00
7.362797556e-01 3.256439853e-01 3.305725486e-01 3.091022568e-01 1.654172850e-02 0.000000000e+00 0.000000000e+00
7.805458603e-01 3.221288784e-01 3.265109317e-01 3.071053175e-01 1.502356084e-02 0.000000000e+00 0.000000000e+00
8.274733014e-01 3.206903811e-01 3.249630922e-01 3.070901530e-01 1.360022811e-02 0.000000000e+00 0.000000000e+00
8.772220817e-01 3.223589338e-01 3.262549509e-01 3.094749029e-01 1.288403088e-02 0.000000000e+00 0.000000000e+00
9.299618239e-01 3.257414289e-01 3.294199058e-01 3.140429155e-01 1.169851334e-02 0.000000000e+00 0.000000000e+00
9.858723487e-01 3.161007324e-01 3.194093510e-01 3.061775429e-01 9.923189492e-03 5.143745191e-57 5.545080662e-58
1.045144288e+00 3.058937758e-01 3.088443623e-01 2.974110907e-01 8.482685063e-03 1.392724202e-53 1.242375627e-54
1.107979733e+00 2.880766312e-01 2.906067733e-01 2.808411748e-01 7.235456418e-03 2.671315949e-50 2.422376635e-51
1.174592928e+00 2.792285424e-01 2.815734443e-01 2.729668478e-01 6.261694598e-03 2.975482670e-47 2.500723657e-48
1.245210996e+00 2.737996281e-01 2.759601333e-01 2.684146334e-01 5.384994674e-03 2.324133202e-44 1.623257087e-45
1.320074714e+00 2.663377672e-01 2.682323278e-01 2.617751617e-01 4.562605501e-03 1.205337679e-41 7.371633905e-43
1.399439338e+00 2.622315169e-01 2.639836948e-01 2.583537867e-01 3.877730211e-03 4.429325528e-39 2.396217705e-40
1.483575466e+00 2.598420638e-01 2.613849333e-01 2.565186094e-01 3.323454319e-03 1.196729809e-36 5.471394237e-38
1.572769969e+00 2.629510849e-01 2.644473970e-01 2.600523464e-01 2.898738591e-03 2.382483549e-34 9.083049067e-36
1.667326963e+00 2.610123298e-01 2.623885217e-01 2.585626686e-01 2.449661141e-03 3.118103418e-32 1.072556987e-33
1.767568847e+00 2.486076373e-01 2.498277133e-01 2.466159284e-01 1.991708955e-03 3.257716047e-30 9.612113746e-32
1.873837405e+00 2.300067239e-01 2.310478441e-01 2.284468309e-01 1.559893058e-03 2.595110124e-28 6.355153589e-30
1.986494968e+00 2.150951254e-01 2.160002755e-01 2.138703303e-01 1.224795080e-03 1.619379152e-26 3.243471047e-28
2.105925651e+00 1.983286676e-01 1.991086648e-01 1.973762666e-01 9.524010051e-04 7.706162224e-25 1.315576757e-26
2.232536664e+00 1.796972396e-01 1.803459077e-01 1.789616081e-01 7.356315191e-04 2.855517640e-23 4.182564718e-25
2.366759696e+00 1.636011015e-01 1.641602092e-01 1.630411931e-01 5.599083578e-04 8.870575090e-22 1.054781071e-23
2.509052394e+00 1.412684850e-01 1.417166476e-01 1.408690754e-01 3.994096524e-04 2.246648414e-20 2.228606075e-22
2.659899915e+00 1.386863246e-01 1.390879128e-01 1.383672855e-01 3.190391306e-04 4.590102328e-19 3.795992934e-21
2.819816587e+00 1.354268696e-01 1.357905451e-01 1.351692228e-01 2.576467959e-04 7.726222195e-18 5.274979981e-20
2.989347660e+00 1.136175784e-01 1.138990157e-01 1.134396817e-01 1.778967783e-04 1.106824941e-16 6.222696170e-19
3.169071162e+00 1.019925222e-01 1.022299083e-01 1.018620972e-01 1.304249806e-04 1.318320815e-15 6.037230248e-18
3.359599877e+00 9.920087395e-02 9.940932382e-02 9.909828552e-02 1.025884348e-04 1.387883191e-14 5.192741185e-17
3.561583429e+00 9.356328568e-02 9.374786385e-02 9.348533313e-02 7.795255179e-05 1.293257743e-13 3.875398450e-16
3.775710497e+00 8.036919935e-02 8.051457713e-02 8.031516560e-02 5.403375034e-05 9.960168547e-13 2.412244489e-15
4.002711165e+00 7.285392788e-02 7.297930519e-02 7.281521037e-02 3.871750090e-05 6.773843597e-12 1.314494676e-14
4.243359411e+00 6.996850807e-02 7.007789760e-02 6.993884084e-02 2.966719329e-05 4.036891912e-11 6.319091470e-14
4.498475745e+00 5.854467136e-02 5.863162255e-02 5.852533170e-02 1.933942667e-05 2.272069557e-10 2.796672033e-13
4.768930007e+00 5.139596122e-02 5.146662772e-02 5.138273762e-02 1.322252279e-05 1.078832697e-09 1.051451235e-12
5.055644335e+00 4.724308412e-02 4.730430403e-02 4.723366527e-02 9.414076921e-06 4.767129531e-09 3.643924175e-12
5.359596304e+00 4.323267290e-02 4.328601346e-02 4.322642339e-02 6.230810263e-06 1.869381059e-08 1.111830829e-11
5.681822265e+00 3.979460603e-02 3.984191922e-02 3.979048386e-02 4.050454172e-06 7.168144783e-08 3.277630880e-11
6.023420872e+00 3.686273908e-02 3.690499432e-02 3.686004211e-02 2.466724809e-06 2.301584095e-07 8.143297534e-11
6.385556837e+00 3.266502132e-02 3.270112875e-02 3.266305046e-02 1.257918107e-06 7.127499826e-07 1.911593047e-10
6.769464890e+00 2.906321175e-02 2.909322857e-02 2.906061217e-02 5.446870326e-07 2.054482636e-06 4.090977853e-10
7.176453999e+00 2.586540511e-02 2.588843895e-02 2.585946282e-02 2.409985009e-07 5.700479779e-06 8.062510297e-10
7.607911827e+00 2.395859294e-02 2.397687448e-02 2.394190738e-02 1.158113010e-07 1.656887956e-05 8.745400008e-10
8.065309466e+00 2.155305582e-02 2.156219828e-02 2.150080324e-02 4.476519169e-08 5.220773299e-05 9.015725919e-11
8.550206451e+00 1.987325718e-02 1.978955157e-02 1.968594470e-02 4.276549871e-08 1.872689653e-04 7.418287467e-10
9.064256079e+00 1.841063303e-02 1.791105629e-02 1.777392847e-02 7.544721726e-08 6.365917507e-04 3.736725995e-08
9.609211044e+00 1.831001821e-02 1.673851955e-02 1.658723985e-02 1.166099443e-07 1.722462659e-03 1.990827240e-07
1.018692942e+01 1.830814826e-02 1.486909066e-02 1.475043672e-02 9.359942501e-08 3.557262436e-03 3.555116522e-07
1.079938098e+01 1.895715512e-02 1.274995078e-02 1.266723288e-02 5.388223490e-08 6.289630280e-03 2.380828356e-07
1.144865393e+01 2.114120895e-02 1.103962976e-02 1.098531011e-02 1.666471569e-08 1.015587147e-02 1.070884261e-08
1.213696202e+01 2.594293702e-02 9.604684106e-03 9.567851987e-03 4.174424151e-09 1.637508086e-02 1.253982785e-12
1.286665210e+01 3.176577107e-02 8.288313492e-03 8.264389301e-03 0.000000000e+00 2.350138177e-02 0.000000000e+00
1.364021210e+01 4.256194259e-02 7.302009015e-03 7.285548243e-03 0.000000000e+00 3.527639435e-02 0.000000000e+00
1.446027954e+01 6.616770028e-02 6.337711739e-03 6.324397228e-03 0.000000000e+00 5.984330306e-02 0.000000000e+00
1.532965052e+01 1.202767087e-01 5.526930703e-03 5.513788510e-03 0.000000000e+00 1.147629202e-01 0.000000000e+00
1.625128922e+01 2.200189264e-01 4.749620772e-03 4.736469233e-03 0.000000000e+00 2.152824572e-01 0.000000000e+00
1.722833804e+01 3.867028341e-01 4.178983653e-03 4.165916596e-03 0.000000000e+00 3.825369175e-01 0.000000000e+00
1.826412832e+01 6.231969951e-01 3.673269889e-03 3.660989366e-03 0.000000000e+00 6.195360057e-01 0.000000000e+00
1.936219168e+01 9.015574068e-01 3.177173068e-03 3.167158279e-03 0.000000000e+00 8.983902486e-01 0.000000000e+00
2.052627204e+01 1.191195816e+00 2.812871830e-03 2.805047865e-03 0.000000000e+00 1.188390768e+00 0.000000000e+00
2.176033844e+01 1.545030875e+00 2.421950456e-03 2.415903609e-03 0.000000000e+00 1.542614971e+00 0.000000000e+00
2.306859853e+01 1.975077273e+00 2.217289793e-03 2.212431601e-03 0.000000000e+00 1.972864841e+00 0.000000000e+00
2.445551294e+01 2.513815760e+00 1.959210187e-03 1.955365198e-03 0.000000000e+00 2.511860395e+00 0.000000000e+00
2.592581045e+01 3.091310021e+00 1.763537414e-03 1.760504181e-03 0.000000000e+00 3.089549517e+00 0.000000000e+00
2.748450419e+01 3.800107142e+00 1.558422967e-03 1.556041880e-03 0.000000000e+00 3.798551100e+00 0.000000000e+00
2.913690863e+01 4.565019167e+00 1.396049885e-03 1.394133233e-03 0.000000000e+00 4.563625034e+00 0.000000000e+00
3.088865780e+01 5.525556661e+00 1.234287836e-03 1.232792095e-03 0.000000000e+00 5.524323869e+00 0.000000000e+00
3.274572442e+01 6.495931699e+00 1.097939314e-03 1.096749955e-03 0.000000000e+00 6.494834949e+00 0.000000000e+00
3.471444033e+01 7.614159888e+00 9.819203388e-04 9.809524410e-04 0.000000000e+00 7.613178936e+00 0.000000000e+00
3.680151802e+01 8.836881867e+00 8.842240835e-04 8.834415345e-04 0.000000000e+00 8.835998426e+00 0.000000000e+00
3.901407356e+01 1.012018312e+01 7.718909699e-04 7.712770092e-04 0.000000000e+00 1.011941185e+01 0.000000000e+00
4.135965084e+01 1.132286581e+01 6.911678592e-04 6.906828291e-04 0.000000000e+00 1.132217513e+01 0.000000000e+00
4.384624730e+01 1.263694032e+01 6.125306523e-04 6.121461187e-04 0.000000000e+00 1.263632818e+01 0.000000000e+00
4.648234121e+01 1.379893698e+01 5.619656817e-04 5.616556238e-04 0.000000000e+00 1.379837533e+01 0.000000000e+00
4.927692053e+01 1.502319284e+01 4.885378895e-04 4.882929694e-04 0.000000000e+00 1.502270455e+01 0.000000000e+00
5.223951363e+01 1.606049614e+01 4.303852251e-04 4.301980053e-04 0.000000000e+00 1.606006594e+01 0.000000000e+00
5.538022172e+01 1.708236305e+01 3.900367052e-04 3.898859461e-04 0.000000000e+00 1.708197316e+01 0.000000000e+00
5.870975330e+01 1.801202170e+01 3.460331122e-04 3.459139290e-04 0.000000000e+00 1.801167579e+01 0.000000000e+00
6.223946068e+01 1.869651915e+01 3.084221398e-04 3.083273872e-04 0.000000000e+00 1.869621083e+01 0.000000000e+00
6.598137870e+01 1.936095777e+01 2.739926227e-04 2.739188103e-04 0.000000000e+00 1.936068385e+01 0.000000000e+00
6.994826574e+01 1.976080583e+01 2.443626421e-04 2.443046190e-04 0.000000000e+00 1.976056152e+01 0.000000000e+00
7.415364723e+01 2.006412127e+01 2.172895222e-04 2.172439492e-04 0.000000000e+00 2.006390403e+01 0.000000000e+00
7.861186177e+01 2.029022036e+01 1.925325917e-04 1.924964837e-04 0.000000000e+00 2.029002787e+01 0.000000000e+00
8.333811002e+01 2.022928877e+01 1.686352817e-04 1.686078415e-04 0.000000000e+00 2.022912017e+01 0.000000000e+00
8.834850651e+01 2.010215868e+01 1.526227945e-04 1.526006771e-04 0.000000000e+00 2.010200608e+01 0.000000000e+00
9.366013462e+01 1.981795184e+01 1.350518078e-04 1.350347744e-04 0.000000000e+00 1.981781681e+01 0.000000000e+00
9.929110477e+01 1.939892862e+01 7.639934713e-05 7.639057171e-05 0.000000000e+00 1.939885223e+01 0.000000000e+00
1.052606162e+02 1.882435453e+01 0.000000000e+00 0.000000000e+00 0.000000000e+00 1.882435453e+01 0.000000000e+00
1.115890226e+02 1.809213913e+01 0.000000000e+00 0.000000000e+00 0.000000000e+00 1.809213913e+01 0.000000000e+00
1.182979010e+02 1.725856373e+01 0.000000000e+00 0.000000000e+00 0.000000000e+00 1.725856373e+01 0.000000000e+00
1.254101260e+02 1.647196238e+01 0.000000000e+00 0.000000000e+00 0.000000000e+00 1.647196238e+01 0.000000000e+00
1.329499472e+02 1.552318623e+01 0.000000000e+00 0.000000000e+00 0.000000000e+00 1.552318623e+01 0.000000000e+00
1.409430725e+02 1.449637443e+01 0.000000000e+00 0.000000000e+00 0.000000000e+00 1.449637443e+01 0.000000000e+00
1.494167549e+02 1.335903928e+01 0.000000000e+00 0.000000000e+00 0.000000000e+00 1.335903928e+01 0.000000000e+00
1.583998862e+02 1.212863792e+01 0.000000000e+00 0.000000000e+00 0.000000000e+00 1.212863792e+01 0.000000000e+00
1.679230951e+02 1.102256924e+01 0.000000000e+00 0.000000000e+00 0.000000000e+00 1.102256924e+01 0.000000000e+00
1.780188519e+02 9.982706763e+00 0.000000000e+00 0.000000000e+00 0.000000000e+00 9.982706763e+00 0.000000000e+00
1.887215788e+02 9.003577511e+00 0.000000000e+00 0.000000000e+00 0.000000000e+00 9.003577511e+00 0.000000000e+00
2.000677676e+02 7.994358571e+00 0.000000000e+00 0.000000000e+00 0.000000000e+00 7.994358571e+00 0.000000000e+00
2.120961043e+02 7.044407728e+00 0.000000000e+00 0.000000000e+00 0.000000000e+00 7.044407728e+00 0.000000000e+00
2.248476003e+02 6.202205550e+00 0.000000000e+00 0.000000000e+00 0.000000000e+00 6.202205550e+00 0.000000000e+00
2.383657330e+02 5.457180276e+00 0.000000000e+00 0.000000000e+00 0.000000000e+00 5.457180276e+00 0.000000000e+00
2.526965935e+02 4.718841801e+00 0.000000000e+00 0.000000000e+00 0.000000000e+00 4.718841801e+00 0.000000000e+00
2.678890442e+02 4.050483348e+00 0.000000000e+00 0.000000000e+00 0.000000000e+00 4.050483348e+00 0.000000000e+00
2.839948849e+02 3.479987876e+00 0.000000000e+00 0.000000000e+00 0.000000000e+00 3.479987876e+00 0.000000000e+00
3.010690299e+02 2.993017445e+00 0.000000000e+00 0.000000000e+00 0.000000000e+00 2.993017445e+00 0.000000000e+00
3.191696949e+02 2.565022957e+00 0.000000000e+00 0.000000000e+00 0.000000000e+00 2.565022957e+00 0.000000000e+00
3.383585957e+02 2.160326500e+00 0.000000000e+00 0.000000000e+00 0.000000000e+00 2.160326500e+00 0.000000000e+00
3.587011583e+02 1.824305612e+00 0.000000000e+00 0.000000000e+00 0.000000000e+00 1.824305612e+00 0.000000000e+00
3.802667425e+02 1.542118603e+00 0.000000000e+00 0.000000000e+00 0.000000000e+00 1.542118603e+00 0.000000000e+00
4.031288779e+02 1.280231847e+00 0.000000000e+00 0.000000000e+00 0.000000000e+00 1.280231847e+00 0.000000000e+00
4.273655148e+02 1.072197391e+00 0.000000000e+00 0.000000000e+00 0.000000000e+00 1.072197391e+00 0.000000000e+00
4.530592901e+02 8.929911266e-01 0.000000000e+00 0.000000000e+00 0.000000000e+00 8.929911266e-01 0.000000000e+00
4.802978090e+02 7.475377611e-01 0.000000000e+00 0.000000000e+00 0.000000000e+00 7.475377611e-01 0.000000000e+00
5.091739433e+02 6.120278543e-01 0.000000000e+00 0.000000000e+00 0.000000000e+00 6.120278543e-01 0.000000000e+00
5.397861487e+02 5.090682335e-01 0.000000000e+00 0.000000000e+00 0.000000000e+00 5.090682335e-01 0.000000000e+00
5.722388000e+02 4.224950339e-01 0.000000000e+00 0.000000000e+00 0.000000000e+00 4.224950339e-01 0.000000000e+00
6.066425473e+02 3.447518270e-01 0.000000000e+00 0.000000000e+00 0.000000000e+00 3.447518270e-01 0.000000000e+00
6.431146930e+02 2.794614411e-01 0.000000000e+00 0.000000000e+00 0.000000000e+00 2.794614411e-01 0.000000000e+00
6.817795920e+02 2.303334089e-01 0.000000000e+00 0.000000000e+00 0.000000000e+00 2.303334089e-01 0.000000000e+00
7.227690754e+02 1.916793967e-01 0.000000000e+00 0.000000000e+00 0.000000000e+00 1.916793967e-01 0.000000000e+00
7.662229003e+02 1.559157773e-01 0.000000000e+00 0.000000000e+00 0.000000000e+00 1.559157773e-01 0.000000000e+00
8.122892262e+02 1.254915521e-01 0.000000000e+00 0.000000000e+00 0.000000000e+00 1.254915521e-01 0.000000000e+00
8.611251200e+02 1.020295615e-01 0.000000000e+00 0.000000000e+00 0.000000000e+00 1.020295615e-01 0.000000000e+00
9.128970918e+02 8.283976138e-02 0.000000000e+00 0.000000000e+00 0.000000000e+00 8.283976138e-02 0.000000000e+00
9.677816625e+02 6.715650183e-02 0.000000000e+00 0.000000000e+00 0.000000000e+00 6.715650183e-02 0.000000000e+00
1.025965966e+03 5.749305513e-02 0.000000000e+00 0.000000000e+00 0.000000000e+00 5.749305513e-02 0.000000000e+00
1.087648385e+03 5.140534090e-02 0.000000000e+00 0.000000000e+00 0.000000000e+00 5.140534090e-02 0.000000000e+00
1.153039233e+03 4.672880879e-02 0.000000000e+00 0.000000000e+00 0.000000000e+00 4.672880879e-02 0.000000000e+00
1.222361464e+03 4.223207678e-02 0.000000000e+00 0.000000000e+00 0.000000000e+00 4.223207678e-02 0.000000000e+00
1.295851439e+03 3.812331951e-02 0.000000000e+00 0.000000000e+00 0.000000000e+00 3.812331951e-02 0.000000000e+00
1.373759727e+03 3.433385589e-02 0.000000000e+00 0.000000000e+00 0.000000000e+00 3.433385589e-02 0.000000000e+00
1.456351964e+03 3.131328442e-02 0.000000000e+00 0.000000000e+00 0.000000000e+00 3.131328442e-02 0.000000000e+00
1.543909754e+03 2.797370785e-02 0.000000000e+00 0.000000000e+00 0.000000000e+00 2.797370785e-02 0.000000000e+00
1.636731634e+03 2.533388599e-02 0.000000000e+00 0.000000000e+00 0.000000000e+00 2.533388599e-02 0.000000000e+00
1.735134087e+03 2.288166517e-02 0.000000000e+00 0.000000000e+00 0.000000000e+00 2.288166517e-02 0.000000000e+00
1.839452624e+03 2.039708981e-02 0.000000000e+00 0.000000000e+00 0.000000000e+00 2.039708981e-02 0.000000000e+00
1.950042929e+03 1.829320839e-02 0.000000000e+00 0.000000000e+00 0.000000000e+00 1.829320839e-02 0.000000000e+00
2.067282068e+03 1.614534926e-02 0.000000000e+00 0.000000000e+00 0.000000000e+00 1.614534926e-02 0.000000000e+00
2.191569778e+03 1.475389923e-02 0.000000000e+00 0.000000000e+00 0.000000000e+00 1.475389923e-02 0.000000000e+00
2.323329827e+03 1.329011762e-02 0.000000000e+00 0.000000000e+00 0.000000000e+00 1.329011762e-02 0.000000000e+00
2.463011464e+03 1.214617307e-02 0.000000000e+00 0.000000000e+00 0.000000000e+00 1.214617307e-02 0.000000000e+00
2.611090944e+03 1.066796515e-02 0.000000000e+00 0.000000000e+00 0.000000000e+00 1.066796515e-02 0.000000000e+00
2.768073157e+03 9.583693434e-03 0.000000000e+00 0.000000000e+00 0.000000000e+00 9.583693434e-03 0.000000000e+00
2.934493346e+03 8.580537944e-03 0.000000000e+00 0.000000000e+00 0.000000000e+00 8.580537944e-03 0.000000000e+00
3.110918936e+03 7.717567325e-03 0.000000000e+00 0.000000000e+00 0.000000000e+00 7.717567325e-03 0.000000000e+00
3.297951463e+03 6.954126932e-03 0.000000000e+00 0.000000000e+00 0.000000000e+00 6.954126932e-03 0.000000000e+00
3.496228631e+03 6.161293609e-03 0.000000000e+00 0.000000000e+00 0.000000000e+00 6.161293609e-03 0.000000000e+00
3.706426483e+03 5.511784608e-03 0.000000000e+00 0.000000000e+00 0.000000000e+00 5.511784608e-03 0.000000000e+00
3.929261705e+03 4.839547462e-03 0.000000000e+00 0.000000000e+00 0.000000000e+00 4.839547462e-03 0.000000000e+00
4.165494073e+03 4.412368418e-03 0.000000000e+00 0.000000000e+00 0.000000000e+00 4.412368418e-03 0.000000000e+00
4.415929040e+03 3.880700578e-03 0.000000000e+00 0.000000000e+00 0.000000000e+00 3.880700578e-03 0.000000000e+00
4.681420487e+03 3.459608980e-03 0.000000000e+00 0.000000000e+00 0.000000000e+00 3.459608980e-03 0.000000000e+00
4.962873628e+03 3.106039202e-03 0.000000000e+00 0.000000000e+00 0.000000000e+00 3.106039202e-03 0.000000000e+00
5.261248100e+03 2.833926689e-03 0.000000000e+00 0.000000000e+00 0.000000000e+00 2.833926689e-03 0.000000000e+00
5.577561237e+03 2.485217904e-03 0.000000000e+00 0.000000000e+00 0.000000000e+00 2.485217904e-03 0.000000000e+00
5.912891535e+03 2.239515626e-03 0.000000000e+00 0.000000000e+00 0.000000000e+00 2.239515626e-03 0.000000000e+00
6.268382331e+03 1.988111097e-03 0.000000000e+00 0.000000000e+00 0.000000000e+00 1.988111097e-03 0.000000000e+00
6.645245699e+03 1.803488867e-03 0.000000000e+00 0.000000000e+00 0.000000000e+00 1.803488867e-03 0.000000000e+00
7.044766588e+03 1.597308652e-03 0.000000000e+00 0.000000000e+00 0.000000000e+00 1.597308652e-03 0.000000000e+00
7.468307196e+03 1.408457251e-03 0.000000000e+00 0.000000000e+00 0.000000000e+00 1.408457251e-03 0.000000000e+00
7.917311621e+03 1.270671849e-03 0.000000000e+00 0.000000000e+00 0.000000000e+00 1.270671849e-03 0.000000000e+00
8.393310782e+03 1.124354394e-03 0.000000000e+00 0.000000000e+00 0.000000000e+00 1.124354394e-03 0.000000000e+00
8.897927636e+03 1.007646923e-03 0.000000000e+00 0.000000000e+00 0.000000000e+00 1.007646923e-03 0.000000000e+00
9.432882717e+03 9.020050177e-04 0.000000000e+00 0.000000000e+00 0.000000000e+00 9.020050177e-04 0.000000000e+00
1.000000000e+04 7.292121441e-04 0.000000000e+00 0.000000000e+00 0.000000000e+00 7.292121441e-04 0.000000000e+00
