# column 1: wavelength (micron)
# column 2: total flux; F_nu (Jy)
# column 3: transparent flux; F_nu (Jy)
# column 4: direct primary flux; F_nu (Jy)
# column 5: scattered primary flux; F_nu (Jy)
# column 6: direct secondary flux; F_nu (Jy)
# column 7: scattered secondary flux; F_nu (Jy)
9.000000000e-02 2.558757252e-02 3.374924527e-02 2.388100931e-02 1.706563213e-03 0.000000000e+00 0.000000000e+00
9.541091806e-02 1.355432592e-01 1.750266697e-01 1.267364165e-01 8.806842727e-03 0.000000000e+00 0.000000000e+00
1.011471476e-01 1.686200723e-01 2.092801884e-01 1.577877556e-01 1.083231666e-02 0.000000000e+00 0.000000000e+00
1.072282468e-01 1.982061920e-01 2.367595087e-01 1.860832051e-01 1.212298688e-02 0.000000000e+00 0.000000000e+00
1.136749497e-01 2.045895816e-01 2.378682172e-01 1.923797805e-01 1.220980115e-02 0.000000000e+00 0.000000000e+00
1.205092367e-01 1.743777780e-01 1.999457092e-01 1.641532392e-01 1.022453877e-02 0.000000000e+00 0.000000000e+00
1.277544101e-01 2.051741914e-01 2.312522813e-01 1.935473171e-01 1.162687422e-02 0.000000000e+00 0.000000000e+00
1.354351729e-01 2.099687682e-01 2.335604756e-01 1.982692846e-01 1.169948362e-02 0.000000000e+00 0.000000000e+00
1.435777131e-01 2.037028415e-01 2.239131390e-01 1.925982615e-01 1.110457999e-02 0.000000000e+00 0.000000000e+00
1.522097936e-01 1.998321024e-01 2.168199254e-01 1.890803283e-01 1.075177413e-02 0.000000000e+00 0.000000000e+00
1.613608460e-01 1.963536305e-01 2.107632885e-01 1.857196859e-01 1.063394463e-02 0.000000000e+00 0.000000000e+00
1.710620718e-01 1.946915566e-01 2.074074215e-01 1.837312782e-01 1.096027842e-02 0.000000000e+00 0.000000000e+00
1.813465479e-01 1.912812126e-01 2.028888368e-01 1.799913226e-01 1.128989000e-02 0.000000000e+00 0.000000000e+00
1.922493402e-01 1.856244713e-01 1.960862470e-01 1.735594082e-01 1.206506319e-02 0.000000000e+00 0.000000000e+00
2.038076228e-01 1.783260767e-01 1.880917570e-01 1.654603677e-01 1.286570902e-02 0.000000000e+00 0.000000000e+00
2.160608044e-01 1.784967080e-01 1.874697403e-01 1.646773104e-01 1.381939768e-02 0.000000000e+00 0.000000000e+00
2.290506634e-01 1.707592414e-01 1.777670863e-01 1.571486078e-01 1.361063369e-02 0.000000000e+00 0.000000000e+00
2.428214897e-01 1.647563766e-01 1.704070521e-01 1.513282688e-01 1.342810778e-02 0.000000000e+00 0.000000000e+00
2.574202362e-01 1.620718196e-01 1.671382892e-01 1.490120117e-01 1.305980788e-02 0.000000000e+00 0.000000000e+00
2.728966785e-01 1.618522979e-01 1.663240687e-01 1.485380238e-01 1.331427411e-02 0.000000000e+00 0.000000000e+00
2.893035848e-01 1.628969907e-01 1.673946864e-01 1.499699600e-01 1.292703073e-02 0.000000000e+00 0.000000000e+00
3.066968958e-01 1.647221716e-01 1.686473901e-01 1.517838829e-01 1.293828861e-02 0.000000000e+00 0.000000000e+00
3.251359155e-01 1.637558556e-01 1.678645703e-01 1.512501004e-01 1.250575521e-02 0.000000000e+00 0.000000000e+00
3.446835132e-01 1.655008130e-01 1.692080880e-01 1.525778814e-01 1.292293162e-02 0.000000000e+00 0.000000000e+00
3.654063382e-01 1.752357540e-01 1.789823940e-01 1.619374559e-01 1.329829807e-02 0.000000000e+00 0.000000000e+00
3.873750465e-01 2.695195219e-01 2.750255329e-01 2.502117185e-01 1.930780338e-02 0.000000000e+00 0.000000000e+00
4.106645425e-01 3.236542557e-01 3.298863641e-01 3.014992514e-01 2.215500425e-02 0.000000000e+00 0.000000000e+00
4.353542335e-01 3.147841735e-01 3.203186636e-01 2.936707639e-01 2.111340957e-02 0.000000000e+00 0.000000000e+00
4.615283011e-01 3.271857621e-01 3.329964048e-01 3.057795372e-01 2.140622486e-02 0.000000000e+00 0.000000000e+00
4.892759879e-01 3.118719243e-01 3.170397027e-01 2.918940193e-01 1.997790494e-02 0.000000000e+00 0.000000000e+00
5.186919022e-01 3.167426638e-01 3.218926010e-01 2.977474968e-01 1.899516695e-02 0.000000000e+00 0.000000000e+00
5.498763397e-01 3.179075048e-01 3.228855492e-01 2.998563856e-01 1.805111922e-02 0.000000000e+00 0.000000000e+00
5.829356266e-01 3.223214988e-01 3.269158565e-01 3.048354426e-01 1.748605617e-02 0.000000000e+00 0.000000000e+00
6.179824811e-01 3.228417933e-01 3.272035466e-01 3.061352691e-01 1.670652416e-02 0.000000000e+00 0.000000000e+00
6.551363985e-01 3.203134358e-01 3.243382948e-01 3.044277087e-01 1.588572713e-02 0.000000000e+00 0.000000000e+00
6.945240582e-01 3.259760287e-01 3.299534815e-01 3.110228517e-01 1.495317698e-02 0.000000000e+00 0.000000000e+00
7.362797556e-01 3.260791882e-01 3.297302722e-01 3.124735542e-01 1.360563396e-02 0.000000000e+00 0.000000000e+00
7.805458603e-01 3.244661149e-01 3.279053104e-01 3.119870101e-01 1.247910480e-02 0.000000000e+00 0.000000000e+00
8.274733014e-01 3.224373361e-01 3.257084318e-01 3.108671747e-01 1.157016144e-02 0.000000000e+00 0.000000000e+00
8.772220817e-01 3.242077212e-01 3.272644286e-01 3.132793620e-01 1.092835925e-02 0.000000000e+00 0.000000000e+00
9.299618239e-01 3.256484863e-01 3.286600428e-01 3.158005442e-01 9.847942179e-03 0.000000000e+00 0.000000000e+00
9.858723487e-01 3.177593585e-01 3.204408376e-01 3.091713078e-01 8.588050679e-03 2.395040583e-62 9.139726279e-64
1.045144288e+00 3.063944591e-01 3.088443187e-01 2.990694284e-01 7.325030721e-03 1.155282496e-58 3.619613537e-60
1.107979733e+00 2.901586702e-01 2.923298819e-01 2.839362044e-01 6.222465845e-03 3.155601454e-55 9.408836557e-57
1.174592928e+00 2.787269144e-01 2.806787482e-01 2.733593149e-01 5.367599453e-03 5.585713613e-52 1.535780702e-53
1.245210996e+00 2.710682620e-01 2.727910115e-01 2.663476197e-01 4.720642324e-03 7.409845411e-49 1.688538159e-50
1.320074714e+00 2.641165152e-01 2.657509063e-01 2.601797392e-01 3.936775965e-03 6.876838545e-46 1.275898067e-47
1.399439338e+00 2.632016650e-01 2.647244864e-01 2.597932629e-01 3.408402130e-03 3.829921034e-43 6.630975466e-45
1.483575466e+00 2.611550681e-01 2.625239585e-01 2.582120126e-01 2.943055522e-03 1.535931672e-40 2.269927127e-42
1.572769969e+00 2.638310244e-01 2.651395770e-01 2.612365895e-01 2.594434910e-03 4.550934427e-38 5.735872875e-40
1.667326963e+00 2.628695343e-01 2.640925046e-01 2.606415272e-01 2.228007147e-03 8.147769560e-36 8.940770977e-38
1.767568847e+00 2.481273949e-01 2.492175363e-01 2.463349865e-01 1.792408392e-03 1.176699825e-33 1.038177440e-35
1.873837405e+00 2.281738171e-01 2.291094029e-01 2.267713731e-01 1.402443937e-03 1.411773312e-31 1.120742570e-33
1.986494968e+00 2.172393968e-01 2.180492149e-01 2.161076918e-01 1.131704974e-03 1.113404309e-29 7.385459558e-32
2.105925651e+00 1.982004588e-01 1.988999910e-01 1.973330136e-01 8.674451557e-04 6.281345753e-28 3.559767388e-30
2.232536664e+00 1.793011752e-01 1.798887578e-01 1.786412186e-01 6.599566211e-04 3.628884311e-26 1.757626367e-28
2.366759696e+00 1.639143623e-01 1.644078172e-01 1.634031345e-01 5.112278148e-04 1.324154137e-24 5.436516366e-27
2.509052394e+00 1.400642797e-01 1.404615148e-01 1.397048248e-01 3.594549398e-04 4.106663901e-23 1.341166832e-25
2.659899915e+00 1.375814755e-01 1.379435724e-01 1.372897152e-01 2.917602606e-04 1.100743101e-21 2.986003050e-24
2.819816587e+00 1.353925478e-01 1.357221289e-01 1.351549746e-01 2.375732299e-04 1.980311247e-20 4.569763284e-23
2.989347660e+00 1.120452613e-01 1.123023414e-01 1.118854456e-01 1.598157193e-04 3.977218400e-19 7.343833617e-22
3.169071162e+00 1.018285916e-01 1.020442261e-01 1.017096622e-01 1.189293960e-04 5.748772198e-18 8.984783991e-21
3.359599877e+00 9.903565981e-02 9.922647159e-02 9.894230012e-02 9.335968512e-05 6.777163198e-17 8.602191469e-20
3.561583429e+00 9.384688218e-02 9.401515454e-02 9.377482868e-02 7.205349999e-05 8.091013555e-16 8.133484689e-19
3.775710497e+00 8.005344817e-02 8.018883192e-02 8.000456761e-02 4.888055109e-05 6.875630751e-15 5.638056168e-18
4.002711165e+00 7.308440229e-02 7.319870899e-02 7.304860752e-02 3.579477087e-05 5.670938042e-14 3.745352903e-17
4.243359411e+00 7.002334791e-02 7.012496902e-02 6.999609710e-02 2.725081188e-05 3.908463329e-13 2.008876453e-16
4.498475745e+00 5.809283489e-02 5.817052736e-02 5.807507595e-02 1.775893780e-05 2.542995367e-12 1.043705497e-15
4.768930007e+00 5.170053798e-02 5.176541230e-02 5.168835637e-02 1.218159148e-05 1.332707914e-11 4.376383276e-15
5.055644335e+00 4.676131336e-02 4.681703982e-02 4.675292234e-02 8.390946895e-06 7.038920291e-11 1.793724890e-14
5.359596304e+00 4.290739011e-02 4.295585525e-02 4.290168629e-02 5.703510729e-06 3.067126409e-10 6.105221938e-14
5.681822265e+00 4.001004775e-02 4.005337063e-02 4.000628247e-02 3.764065767e-06 1.209722824e-09 1.835232770e-13
6.023420872e+00 3.658434748e-02 3.662287845e-02 3.658205524e-02 2.287811790e-06 4.423746232e-09 4.386927923e-13
6.385556837e+00 3.256960461e-02 3.260340005e-02 3.256847612e-02 1.112699010e-06 1.578643530e-08 3.935379386e-13
6.769464890e+00 2.937290045e-02 2.940278253e-02 2.937249871e-02 3.548074231e-07 4.694060157e-08 2.753436056e-14
7.176453999e+00 2.609662189e-02 2.612295442e-02 2.609645098e-02 3.301925722e-08 1.378938259e-07 1.398945535e-27
7.607911827e+00 2.393575907e-02 2.396750420e-02 2.393531361e-02 0.000000000e+00 4.454635554e-07 0.000000000e+00
8.065309466e+00 2.136368858e-02 2.141806895e-02 2.136202562e-02 0.000000000e+00 1.662962771e-06 0.000000000e+00
8.550206451e+00 1.953578700e-02 1.962408199e-02 1.952911117e-02 0.000000000e+00 6.675828818e-06 0.000000000e+00
9.064256079e+00 1.779460290e-02 1.789862298e-02 1.777212190e-02 0.000000000e+00 2.248100097e-05 0.000000000e+00
9.609211044e+00 1.627254328e-02 1.633334362e-02 1.619544328e-02 2.603053255e-10 7.709974116e-05 9.593068633e-26
1.018692942e+01 1.481962929e-02 1.477584886e-02 1.466590165e-02 0.000000000e+00 1.537276390e-04 4.443122217e-25
1.079938098e+01 1.308357645e-02 1.285739161e-02 1.278008092e-02 0.000000000e+00 3.034955330e-04 0.000000000e+00
1.144865393e+01 1.169514749e-02 1.124005886e-02 1.118904525e-02 0.000000000e+00 5.061022326e-04 0.000000000e+00
1.213696202e+01 1.044881189e-02 9.565344948e-03 9.531819527e-03 0.000000000e+00 9.169923617e-04 0.000000000e+00
1.286665210e+01 9.849486697e-03 8.512668200e-03 8.490190228e-03 0.000000000e+00 1.359296469e-03 0.000000000e+00
1.364021210e+01 9.390389744e-03 7.336816605e-03 7.321546057e-03 0.000000000e+00 2.068843687e-03 0.000000000e+00
1.446027954e+01 1.006987502e-02 6.387214342e-03 6.374904259e-03 0.000000000e+00 3.694970766e-03 0.000000000e+00
1.532965052e+01 1.304985236e-02 5.531662897e-03 5.519656900e-03 0.000000000e+00 7.530195462e-03 0.000000000e+00
1.625128922e+01 1.965755820e-02 4.778878269e-03 4.766537210e-03 0.000000000e+00 1.489102099e-02 0.000000000e+00
1.722833804e+01 3.227600313e-02 4.180211714e-03 4.168107943e-03 0.000000000e+00 2.810789519e-02 0.000000000e+00
1.826412832e+01 5.176318520e-02 3.626653366e-03 3.615636202e-03 0.000000000e+00 4.814754900e-02 0.000000000e+00
1.936219168e+01 7.296057569e-02 3.153268304e-03 3.144176945e-03 0.000000000e+00 6.981639874e-02 0.000000000e+00
2.052627204e+01 1.028233274e-01 2.795733625e-03 2.788557204e-03 0.000000000e+00 1.000347702e-01 0.000000000e+00
2.176033844e+01 1.443005478e-01 2.522454596e-03 2.516792212e-03 0.000000000e+00 1.417837556e-01 0.000000000e+00
2.306859853e+01 1.899366612e-01 2.189202488e-03 2.184848542e-03 0.000000000e+00 1.877518127e-01 0.000000000e+00
2.445551294e+01 2.530369233e-01 1.980737217e-03 1.977241531e-03 0.000000000e+00 2.510596818e-01 0.000000000e+00
2.592581045e+01 3.280146342e-01 1.767793855e-03 1.765024258e-03 0.000000000e+00 3.262496099e-01 0.000000000e+00
2.748450419e+01 4.246603768e-01 1.562934065e-03 1.560740463e-03 0.000000000e+00 4.230996364e-01 0.000000000e+00
2.913690863e+01 5.483572046e-01 1.405465946e-03 1.403707172e-03 0.000000000e+00 5.469534974e-01 0.000000000e+00
3.088865780e+01 7.013997341e-01 1.248279501e-03 1.246904734e-03 0.000000000e+00 7.001528293e-01 0.000000000e+00
3.274572442e+01 8.972203891e-01 1.104332526e-03 1.103224424e-03 0.000000000e+00 8.961171646e-01 0.000000000e+00
3.471444033e+01 1.150346320e+00 1.001536968e-03 1.000646653e-03 0.000000000e+00 1.149345673e+00 0.000000000e+00
3.680151802e+01 1.455700828e+00 8.773669349e-04 8.766691737e-04 0.000000000e+00 1.454824159e+00 0.000000000e+00
3.901407356e+01 1.820939928e+00 7.803904687e-04 7.798294987e-04 0.000000000e+00 1.820160098e+00 0.000000000e+00
4.135965084e+01 2.265260107e+00 6.839013080e-04 6.834610250e-04 0.000000000e+00 2.264576646e+00 0.000000000e+00
4.384624730e+01 2.824622025e+00 6.153982465e-04 6.150455412e-04 0.000000000e+00 2.824006980e+00 0.000000000e+00
4.648234121e+01 3.409515327e+00 5.533906438e-04 5.531084415e-04 0.000000000e+00 3.408962219e+00 0.000000000e+00
4.927692053e+01 4.130414345e+00 4.934057437e-04 4.931843420e-04 0.000000000e+00 4.129921160e+00 0.000000000e+00
5.223951363e+01 4.918142771e+00 4.394299918e-04 4.392529152e-04 0.000000000e+00 4.917703518e+00 0.000000000e+00
5.538022172e+01 5.795129554e+00 3.865741136e-04 3.864365512e-04 0.000000000e+00 5.794743117e+00 0.000000000e+00
5.870975330e+01 6.722703928e+00 3.423538451e-04 3.422474220e-04 0.000000000e+00 6.722361681e+00 0.000000000e+00
6.223946068e+01 7.665639516e+00 3.095485080e-04 3.094619039e-04 0.000000000e+00 7.665330054e+00 0.000000000e+00
6.598137870e+01 8.632320289e+00 2.745507974e-04 2.744833669e-04 0.000000000e+00 8.632045805e+00 0.000000000e+00
6.994826574e+01 9.595535969e+00 2.471229247e-04 2.470693936e-04 0.000000000e+00 9.595288900e+00 0.000000000e+00
7.415364723e+01 1.048308093e+01 2.146926967e-04 2.146513351e-04 0.000000000e+00 1.048286628e+01 0.000000000e+00
7.861186177e+01 1.133987858e+01 1.937374000e-04 1.937047371e-04 0.000000000e+00 1.133968487e+01 0.000000000e+00
8.333811002e+01 1.208500518e+01 1.702959290e-04 1.702706237e-04 0.000000000e+00 1.208483491e+01 0.000000000e+00
8.834850651e+01 1.273745332e+01 1.525184145e-04 1.524984998e-04 0.000000000e+00 1.273730082e+01 0.000000000e+00
9.366013462e+01 1.315031999e+01 1.351664164e-04 1.351506441e-04 0.000000000e+00 1.315018484e+01 0.000000000e+00
9.929110477e+01 1.350477642e+01 7.725609540e-05 7.724797323e-05 0.000000000e+00 1.350469917e+01 0.000000000e+00
1.052606162e+02 1.355689550e+01 0.000000000e+00 0.000000000e+00 0.000000000e+00 1.355689550e+01 0.000000000e+00
1.115890226e+02 1.359091928e+01 0.000000000e+00 0.000000000e+00 0.000000000e+00 1.359091928e+01 0.000000000e+00
1.182979010e+02 1.340800447e+01 0.000000000e+00 0.000000000e+00 0.000000000e+00 1.340800447e+01 0.000000000e+00
1.254101260e+02 1.305553289e+01 0.000000000e+00 0.000000000e+00 0.000000000e+00 1.305553289e+01 0.000000000e+00
1.329499472e+02 1.265178833e+01 0.000000000e+00 0.000000000e+00 0.000000000e+00 1.265178833e+01 0.000000000e+00
1.409430725e+02 1.198008503e+01 0.000000000e+00 0.000000000e+00 0.000000000e+00 1.198008503e+01 0.000000000e+00
1.494167549e+02 1.137315325e+01 0.000000000e+00 0.000000000e+00 0.000000000e+00 1.137315325e+01 0.000000000e+00
1.583998862e+02 1.055322006e+01 0.000000000e+00 0.000000000e+00 0.000000000e+00 1.055322006e+01 0.000000000e+00
1.679230951e+02 9.748899010e+00 0.000000000e+00 0.000000000e+00 0.000000000e+00 9.748899010e+00 0.000000000e+00
1.780188519e+02 8.903604147e+00 0.000000000e+00 0.000000000e+00 0.000000000e+00 8.903604147e+00 0.000000000e+00
1.887215788e+02 8.101101404e+00 0.000000000e+00 0.000000000e+00 0.000000000e+00 8.101101404e+00 0.000000000e+00
2.000677676e+02 7.208326561e+00 0.000000000e+00 0.000000000e+00 0.000000000e+00 7.208326561e+00 0.000000000e+00
2.120961043e+02 6.455858367e+00 0.000000000e+00 0.000000000e+00 0.000000000e+00 6.455858367e+00 0.000000000e+00
2.248476003e+02 5.725800130e+00 0.000000000e+00 0.000000000e+00 0.000000000e+00 5.725800130e+00 0.000000000e+00
2.383657330e+02 5.036143946e+00 0.000000000e+00 0.000000000e+00 0.000000000e+00 5.036143946e+00 0.000000000e+00
2.526965935e+02 4.431625156e+00 0.000000000e+00 0.000000000e+00 0.000000000e+00 4.431625156e+00 0.000000000e+00
2.678890442e+02 3.846478821e+00 0.000000000e+00 0.000000000e+00 0.000000000e+00 3.846478821e+00 0.000000000e+00
2.839948849e+02 3.317944494e+00 0.000000000e+00 0.000000000e+00 0.000000000e+00 3.317944494e+00 0.000000000e+00
3.010690299e+02 2.849565965e+00 0.000000000e+00 0.000000000e+00 0.000000000e+00 2.849565965e+00 0.000000000e+00
3.191696949e+02 2.428933537e+00 0.000000000e+00 0.000000000e+00 0.000000000e+00 2.428933537e+00 0.000000000e+00
3.383585957e+02 2.082612844e+00 0.000000000e+00 0.000000000e+00 0.000000000e+00 2.082612844e+00 0.000000000e+00
3.587011583e+02 1.761777173e+00 0.000000000e+00 0.000000000e+00 0.000000000e+00 1.761777173e+00 0.000000000e+00
3.802667425e+02 1.480265439e+00 0.000000000e+00 0.000000000e+00 0.000000000e+00 1.480265439e+00 0.000000000e+00
4.031288779e+02 1.239724837e+00 0.000000000e+00 0.000000000e+00 0.000000000e+00 1.239724837e+00 0.000000000e+00
4.273655148e+02 1.038907293e+00 0.000000000e+00 0.000000000e+00 0.000000000e+00 1.038907293e+00 0.000000000e+00
4.530592901e+02 8.580174745e-01 0.000000000e+00 0.000000000e+00 0.000000000e+00 8.580174745e-01 0.000000000e+00
4.802978090e+02 7.191368427e-01 0.000000000e+00 0.000000000e+00 0.000000000e+00 7.191368427e-01 0.000000000e+00
5.091739433e+02 5.947171117e-01 0.000000000e+00 0.000000000e+00 0.000000000e+00 5.947171117e-01 0.000000000e+00
5.397861487e+02 4.933782802e-01 0.000000000e+00 0.000000000e+00 0.000000000e+00 4.933782802e-01 0.000000000e+00
5.722388000e+02 4.068711996e-01 0.000000000e+00 0.000000000e+00 0.000000000e+00 4.068711996e-01 0.000000000e+00
6.066425473e+02 3.317760317e-01 0.000000000e+00 0.000000000e+00 0.000000000e+00 3.317760317e-01 0.000000000e+00
6.431146930e+02 2.705865603e-01 0.000000000e+00 0.000000000e+00 0.000000000e+00 2.705865603e-01 0.000000000e+00
6.817795920e+02 2.227220141e-01 0.000000000e+00 0.000000000e+00 0.000000000e+00 2.227220141e-01 0.000000000e+00
7.227690754e+02 1.822620436e-01 0.000000000e+00 0.000000000e+00 0.000000000e+00 1.822620436e-01 0.000000000e+00
7.662229003e+02 1.502986212e-01 0.000000000e+00 0.000000000e+00 0.000000000e+00 1.502986212e-01 0.000000000e+00
8.122892262e+02 1.228452391e-01 0.000000000e+00 0.000000000e+00 0.000000000e+00 1.228452391e-01 0.000000000e+00
8.611251200e+02 9.963999727e-02 0.000000000e+00 0.000000000e+00 0.000000000e+00 9.963999727e-02 0.000000000e+00
9.128970918e+02 8.154917423e-02 0.000000000e+00 0.000000000e+00 0.000000000e+00 8.154917423e-02 0.000000000e+00
9.677816625e+02 6.547493416e-02 0.000000000e+00 0.000000000e+00 0.000000000e+00 6.547493416e-02 0.000000000e+00
1.025965966e+03 5.569296644e-02 0.000000000e+00 0.000000000e+00 0.000000000e+00 5.569296644e-02 0.000000000e+00
1.087648385e+03 4.981534873e-02 0.000000000e+00 0.000000000e+00 0.000000000e+00 4.981534873e-02 0.000000000e+00
1.153039233e+03 4.588068363e-02 0.000000000e+00 0.000000000e+00 0.000000000e+00 4.588068363e-02 0.000000000e+00
1.222361464e+03 4.157353621e-02 0.000000000e+00 0.000000000e+00 0.000000000e+00 4.157353621e-02 0.000000000e+00
1.295851439e+03 3.734363753e-02 0.000000000e+00 0.000000000e+00 0.000000000e+00 3.734363753e-02 0.000000000e+00
1.373759727e+03 3.314639736e-02 0.000000000e+00 0.000000000e+00 0.000000000e+00 3.314639736e-02 0.000000000e+00
1.456351964e+03 3.032992482e-02 0.000000000e+00 0.000000000e+00 0.000000000e+00 3.032992482e-02 0.000000000e+00
1.543909754e+03 2.751507898e-02 0.000000000e+00 0.000000000e+00 0.000000000e+00 2.751507898e-02 0.000000000e+00
1.636731634e+03 2.463132244e-02 0.000000000e+00 0.000000000e+00 0.000000000e+00 2.463132244e-02 0.000000000e+00
1.735134087e+03 2.222705407e-02 0.000000000e+00 0.000000000e+00 0.000000000e+00 2.222705407e-02 0.000000000e+00
1.839452624e+03 2.010132541e-02 0.000000000e+00 0.000000000e+00 0.000000000e+00 2.010132541e-02 0.000000000e+00
1.950042929e+03 1.792014954e-02 0.000000000e+00 0.000000000e+00 0.000000000e+00 1.792014954e-02 0.000000000e+00
2.067282068e+03 1.619986422e-02 0.000000000e+00 0.000000000e+00 0.000000000e+00 1.619986422e-02 0.000000000e+00
2.191569778e+03 1.467006153e-02 0.000000000e+00 0.000000000e+00 0.000000000e+00 1.467006153e-02 0.000000000e+00
2.323329827e+03 1.319354284e-02 0.000000000e+00 0.000000000e+00 0.000000000e+00 1.319354284e-02 0.000000000e+00
2.463011464e+03 1.183000165e-02 0.000000000e+00 0.000000000e+00 0.000000000e+00 1.183000165e-02 0.000000000e+00
2.611090944e+03 1.059216654e-02 0.000000000e+00 0.000000000e+00 0.000000000e+00 1.059216654e-02 0.000000000e+00
2.768073157e+03 9.385687555e-03 0.000000000e+00 0.000000000e+00 0.000000000e+00 9.385687555e-03 0.000000000e+00
2.934493346e+03 8.444588857e-03 0.000000000e+00 0.000000000e+00 0.000000000e+00 8.444588857e-03 0.000000000e+00
3.110918936e+03 7.536146570e-03 0.000000000e+00 0.000000000e+00 0.000000000e+00 7.536146570e-03 0.000000000e+00
3.297951463e+03 6.720022914e-03 0.000000000e+00 0.000000000e+00 0.000000000e+00 6.720022914e-03 0.000000000e+00
3.496228631e+03 6.047527649e-03 0.000000000e+00 0.000000000e+00 0.000000000e+00 6.047527649e-03 0.000000000e+00
3.706426483e+03 5.399193400e-03 0.000000000e+00 0.000000000e+00 0.000000000e+00 5.399193400e-03 0.000000000e+00
3.929261705e+03 4.893842178e-03 0.000000000e+00 0.000000000e+00 0.000000000e+00 4.893842178e-03 0.000000000e+00
4.165494073e+03 4.362624264e-03 0.000000000e+00 0.000000000e+00 0.000000000e+00 4.362624264e-03 0.000000000e+00
4.415929040e+03 3.856737667e-03 0.000000000e+00 0.000000000e+00 0.000000000e+00 3.856737667e-03 0.000000000e+00
4.681420487e+03 3.447412442e-03 0.000000000e+00 0.000000000e+00 0.000000000e+00 3.447412442e-03 0.000000000e+00
4.962873628e+03 3.070408186e-03 0.000000000e+00 0.000000000e+00 0.000000000e+00 3.070408186e-03 0.000000000e+00
5.261248100e+03 2.763202416e-03 0.000000000e+00 0.000000000e+00 0.000000000e+00 2.763202416e-03 0.000000000e+00
5.577561237e+03 2.450085918e-03 0.000000000e+00 0.000000000e+00 0.000000000e+00 2.450085918e-03 0.000000000e+00
5.912891535e+03 2.205019830e-03 0.000000000e+00 0.000000000e+00 0.000000000e+00 2.205019830e-03 0.000000000e+00
6.268382331e+03 1.961035425e-03 0.000000000e+00 0.000000000e+00 0.000000000e+00 1.961035425e-03 0.000000000e+00
6.645245699e+03 1.736315739e-03 0.000000000e+00 0.000000000e+00 0.000000000e+00 1.736315739e-03 0.000000000e+00
7.044766588e+03 1.570121134e-03 0.000000000e+00 0.000000000e+00 0.000000000e+00 1.570121134e-03 0.000000000e+00
7.468307196e+03 1.379228434e-03 0.000000000e+00 0.000000000e+00 0.000000000e+00 1.379228434e-03 0.000000000e+00
7.917311621e+03 1.256021488e-03 0.000000000e+00 0.000000000e+00 0.000000000e+00 1.256021488e-03 0.000000000e+00
8.393310782e+03 1.119419905e-03 0.000000000e+00 0.000000000e+00 0.000000000e+00 1.119419905e-03 0.000000000e+00
8.897927636e+03 9.940286207e-04 0.000000000e+00 0.000000000e+00 0.000000000e+00 9.940286207e-04 0.000000000e+00
9.432882717e+03 8.841887525e-04 0.000000000e+00 0.000000000e+00 0.000000000e+00 8.841887525e-04 0.000000000e+00
1.000000000e+04 7.040483615e-04 0.000000000e+00 0.000000000e+00 0.000000000e+00 7.040483615e-04 0.000000000e+00
